{
  "name": "SIRS_HBRS HFMD Japan",
  "description": "...",
  "type": "theta",
  "parameter": {
    "SS": {
      "transformation": "logit",
      "partition_id": "identical_population",
      "group": {
        "all": {
          "min": {
            "value": 0
          },
          "guess": {
            "value": 0.252599
          },
          "max": {
            "value": 0.95
          },
          "sd_transf": {
            "value": 0.2
          },
          "prior": {
            "value": "uniform"
          }
        }
      }
    },
    "IS": {
      "transformation": "logit",
      "partition_id": "identical_population",
      "group": {
        "all": {
          "min": {
            "value": 0
          },
          "guess": {
            "value": 0.0000149951
          },
          "max": {
            "value": 0.01
          },
          "sd_transf": {
            "value": 0.2
          },
          "prior": {
            "value": "uniform"
          }
        }
      }
    },
    "SI": {
      "transformation": "logit",
      "partition_id": "identical_population",
      "group": {
        "all": {
          "min": {
            "value": 0
          },
          "guess": {
            "value": 1.04118e-9
          },
          "max": {
            "value": 0.01
          },
          "sd_transf": {
            "value": 0.2
          },
          "prior": {
            "value": "uniform"
          }
        }
      }
    },
    "RS": {
      "transformation": "logit",
      "partition_id": "identical_population",
      "group": {
        "all": {
          "min": {
            "value": 0
          },
          "guess": {
            "value": 0.34632
          },
          "max": {
            "value": 0.95
          },
          "sd_transf": {
            "value": 0.2
          },
          "prior": {
            "value": "uniform"
          }
        }
      }
    },
    "SR": {
      "transformation": "logit",
      "partition_id": "identical_population",
      "group": {
        "all": {
          "min": {
            "value": 0
          },
          "guess": {
            "value": 0.401043
          },
          "max": {
            "value": 0.95
          },
          "sd_transf": {
            "value": 0.2
          },
          "prior": {
            "value": "uniform"
          }
        }
      }
    },
    "IR": {
      "transformation": "logit",
      "partition_id": "identical_population",
      "group": {
        "all": {
          "min": {
            "value": 0
          },
          "guess": {
            "value": 9.5e-18
          },
          "max": {
            "value": 0.95
          },
          "sd_transf": {
            "value": 0
          },
          "prior": {
            "value": "uniform"
          }
        }
      }
    },
    "RI": {
      "transformation": "logit",
      "partition_id": "identical_population",
      "group": {
        "all": {
          "min": {
            "value": 0
          },
          "guess": {
            "value": 9.5e-18
          },
          "max": {
            "value": 0.95
          },
          "sd_transf": {
            "value": 0
          },
          "prior": {
            "value": "uniform"
          }
        }
      }
    },
    "r0_1": {
      "transformation": "log",
      "partition_id": "identical_population",
      "group": {
        "all": {
          "min": {
            "value": 2.05
          },
          "guess": {
            "value": 2.37642
          },
          "max": {
            "value": 2.78
          },
          "sd_transf": {
            "value": 0.04
          },
          "prior": {
            "value": "normal"
          }
        }
      }
    },
    "r0_2": {
      "transformation": "log",
      "partition_id": "identical_population",
      "group": {
        "all": {
          "min": {
            "value": 2.05
          },
          "guess": {
            "value": 2.52934
          },
          "max": {
            "value": 2.78
          },
          "sd_transf": {
            "value": 0.04
          },
          "prior": {
            "value": "normal"
          }
        }
      }
    },
    "v": {
      "unit": "D",
      "type": "rate_as_duration",
      "transformation": "log",
      "partition_id": "identical_population",
      "group": {
        "all": {
          "min": {
            "value": 2.15
          },
          "guess": {
            "value": 2.49587
          },
          "max": {
            "value": 2.81
          },
          "sd_transf": {
            "value": 0.04
          },
          "prior": {
            "value": "normal"
          }
        }
      }
    },
    "e": {
      "transformation": "logit",
      "partition_id": "identical_population",
      "group": {
        "all": {
          "min": {
            "value": 0.001
          },
          "guess": {
            "value": 0.0439667
          },
          "max": {
            "value": 0.3
          },
          "sd_transf": {
            "value": 0.2
          },
          "prior": {
            "value": "uniform"
          }
        }
      }
    },
    "d": {
      "transformation": "log",
      "partition_id": "identical_population",
      "group": {
        "all": {
          "min": {
            "value": 0.6
          },
          "guess": {
            "value": 0.816758
          },
          "max": {
            "value": 0.99
          },
          "sd_transf": {
            "value": 0.04
          },
          "prior": {
            "value": "uniform"
          }
        }
      }
    },
    "sigma": {
      "transformation": "logit",
      "partition_id": "identical_population",
      "group": {
        "all": {
          "min": {
            "value": 0.1
          },
          "guess": {
            "value": 0.430033
          },
          "max": {
            "value": 0.98
          },
          "sd_transf": {
            "value": 0.2
          },
          "prior": {
            "value": "uniform"
          }
        }
      }
    },
    "sto": {
      "transformation": "log",
      "partition_id": "identical_population",
      "group": {
        "all": {
          "min": {
            "value": 0
          },
          "guess": {
            "value": 0.263485
          },
          "max": {
            "value": 0.8
          },
          "sd_transf": {
            "value": 0.02
          },
          "prior": {
            "value": "uniform"
          }
        }
      }
    },
    "iota_1": {
      "transformation": "scale_pow10_bounded",
      "partition_id": "identical_population",
      "group": {
        "all": {
          "min": {
            "value": -3.5
          },
          "guess": {
            "value": 2.09646
          },
          "max": {
            "value": 4
          },
          "sd_transf": {
            "value": 0.04
          },
          "prior": {
            "value": "uniform"
          }
        }
      }
    },
    "iota_2": {
      "transformation": "scale_pow10_bounded",
      "partition_id": "identical_population",
      "group": {
        "all": {
          "min": {
            "value": -3.5
          },
          "guess": {
            "value": 2.26023
          },
          "max": {
            "value": 4
          },
          "sd_transf": {
            "value": 0.04
          },
          "prior": {
            "value": "uniform"
          }
        }
      }
    },
    "g": {
      "unit": "Y",
      "transformation": "log",
      "partition_id": "identical_population",
      "group": {
        "all": {
          "min": {
            "value": 0.0125
          },
          "guess": {
            "value": 0.050102
          },
          "max": {
            "value": 1
          },
          "sd_transf": {
            "value": 0.04
          },
          "prior": {
            "value": "uniform"
          }
        }
      }
    },
    "rep": {
      "transformation": "logit",
      "partition_id": "variable_time_series",
      "group": {
        "EV71_JAP__IASR__inc": {
          "min": {
            "value": 0.05
          },
          "guess": {
            "value": 0.0347516
          },
          "max": {
            "value": 0.3
          },
          "sd_transf": {
            "value": 0.2
          },
          "prior": {
            "value": "normal"
          }
        },
        "CA16_JAP__IASR__inc": {
          "min": {
            "value": 0.05
          },
          "guess": {
            "value": 0.0402223
          },
          "max": {
            "value": 0.3
          },
          "sd_transf": {
            "value": 0.2
          },
          "prior": {
            "value": "normal"
          }
        }
      }
    }
  },
  "partition": {
    "variable_population": {
      "group": [
        {
          "id": "Japan__all",
          "population_id": [
            "Japan__all"
          ]
        }
      ]
    },
    "variable_time_series": {
      "group": [
        {
          "id": "EV71_JAP__IASR__inc",
          "time_series_id": [
            "EV71_JAP__IASR__inc"
          ]
        },
        {
          "id": "CA16_JAP__IASR__inc",
          "time_series_id": [
            "CA16_JAP__IASR__inc"
          ]
        }
      ]
    },
    "identical_population": {
      "group": [
        {
          "id": "all",
          "population_id": [
            "Japan__all"
          ]
        }
      ]
    },
    "identical_time_series": {
      "group": [
        {
          "id": "all",
          "time_series_id": [
            "EV71_JAP__IASR__inc",
            "CA16_JAP__IASR__inc"
          ]
        }
      ]
    }
  },
  "covariance": [
    [
      "SS:all",
      "IS:all",
      "SI:all",
      "RS:all",
      "SR:all",
      "IR:all",
      "RI:all",
      "r0_1:all",
      "r0_2:all",
      "v:all",
      "e:all",
      "d:all",
      "sigma:all",
      "sto:all",
      "iota_1:all",
      "iota_2:all",
      "g:all",
      "rep:EV71_JAP__IASR__inc",
      "rep:CA16_JAP__IASR__inc"
    ],
    [
      0.0301048,
      -0.0224323,
      -0.0611162,
      -0.0109887,
      -0.010334,
      0,
      0,
      -0.00226487,
      -0.00214443,
      -0.000430958,
      -0.00191074,
      -0.00682154,
      -0.0400738,
      -0.000690966,
      0.000597749,
      0.00160917,
      0.0189087,
      -0.000888555,
      0.00012026
    ],
    [
      -0.0224323,
      0.580445,
      0.133961,
      -0.0197141,
      0.0108576,
      0,
      0,
      0.0146669,
      0.0227999,
      -0.0111141,
      -0.0198658,
      -0.0238397,
      -0.0449271,
      -0.0347172,
      -0.0157934,
      -0.00155046,
      -0.00645505,
      0.0115008,
      -0.00914624
    ],
    [
      -0.0611162,
      0.133961,
      1.47962,
      0.043145,
      -0.111723,
      0,
      0,
      0.0212812,
      -0.0188475,
      0.022596,
      0.0625707,
      0.0729471,
      0.219946,
      0.112143,
      -0.00231277,
      -0.00239993,
      -0.246126,
      0.0696729,
      0.115975
    ],
    [
      -0.0109887,
      -0.0197141,
      0.043145,
      0.0350676,
      0.00528979,
      0,
      0,
      0.00238043,
      -0.00524483,
      -0.000221342,
      0.00231992,
      0.00370391,
      -0.00207585,
      0.00171516,
      0.00104973,
      -0.00141651,
      -0.00943405,
      -0.00265968,
      0.00678273
    ],
    [
      -0.010334,
      0.0108576,
      -0.111723,
      0.00528979,
      0.0429769,
      0,
      0,
      -0.00286665,
      0.00712727,
      -0.00661939,
      -0.0145357,
      -0.00632445,
      -0.0344434,
      -0.0185297,
      -0.00263336,
      -0.0000423466,
      0.0225098,
      -0.0059964,
      -0.0175728
    ],
    [
      0,
      0,
      0,
      0,
      0,
      0,
      0,
      0,
      0,
      0,
      0,
      0,
      0,
      0,
      0,
      0,
      0,
      0,
      0
    ],
    [
      0,
      0,
      0,
      0,
      0,
      0,
      0,
      0,
      0,
      0,
      0,
      0,
      0,
      0,
      0,
      0,
      0,
      0,
      0
    ],
    [
      -0.00226487,
      0.0146669,
      0.0212812,
      0.00238043,
      -0.00286665,
      0,
      0,
      0.00255923,
      0.00111016,
      -0.0000136334,
      0.000239773,
      0.0000548148,
      -0.00418852,
      0.00012976,
      -0.000414167,
      0.000260829,
      -0.00397277,
      0.00054654,
      0.00185221
    ],
    [
      -0.00214443,
      0.0227999,
      -0.0188475,
      -0.00524483,
      0.00712727,
      0,
      0,
      0.00111016,
      0.00447536,
      -0.00181433,
      -0.00443442,
      -0.00257344,
      -0.0129566,
      -0.00536331,
      -0.0014724,
      0.00051319,
      0.00438272,
      -0.0000119292,
      -0.00487263
    ],
    [
      -0.000430958,
      -0.0111141,
      0.022596,
      -0.000221342,
      -0.00661939,
      0,
      0,
      -0.0000136334,
      -0.00181433,
      0.00374408,
      0.00600888,
      0.00224383,
      0.0129478,
      0.00553551,
      0.00214826,
      0.000413654,
      -0.0048868,
      0.00042246,
      0.00307343
    ],
    [
      -0.00191074,
      -0.0198658,
      0.0625707,
      0.00231992,
      -0.0145357,
      0,
      0,
      0.000239773,
      -0.00443442,
      0.00600888,
      0.0174738,
      0.00556018,
      0.028314,
      0.0115284,
      0.00313541,
      0.00036025,
      -0.0132436,
      0.00161409,
      0.00840278
    ],
    [
      -0.00682154,
      -0.0238397,
      0.0729471,
      0.00370391,
      -0.00632445,
      0,
      0,
      0.0000548148,
      -0.00257344,
      0.00224383,
      0.00556018,
      0.0142078,
      0.0289628,
      0.0106901,
      0.000271035,
      -0.00148707,
      -0.0181358,
      0.0041635,
      0.00727558
    ],
    [
      -0.0400738,
      -0.0449271,
      0.219946,
      -0.00207585,
      -0.0344434,
      0,
      0,
      -0.00418852,
      -0.0129566,
      0.0129478,
      0.028314,
      0.0289628,
      0.185858,
      0.0343281,
      0.00509945,
      -0.00557714,
      -0.0629777,
      0.00926632,
      0.0193535
    ],
    [
      -0.000690966,
      -0.0347172,
      0.112143,
      0.00171516,
      -0.0185297,
      0,
      0,
      0.00012976,
      -0.00536331,
      0.00553551,
      0.0115284,
      0.0106901,
      0.0343281,
      0.0194795,
      0.0027691,
      0.000323633,
      -0.0226515,
      0.00538079,
      0.0124676
    ],
    [
      0.000597749,
      -0.0157934,
      -0.00231277,
      0.00104973,
      -0.00263336,
      0,
      0,
      -0.000414167,
      -0.0014724,
      0.00214826,
      0.00313541,
      0.000271035,
      0.00509945,
      0.0027691,
      0.00354687,
      0.000498022,
      0.000668847,
      -0.00169217,
      0.000605062
    ],
    [
      0.00160917,
      -0.00155046,
      -0.00239993,
      -0.00141651,
      -0.0000423466,
      0,
      0,
      0.000260829,
      0.00051319,
      0.000413654,
      0.00036025,
      -0.00148707,
      -0.00557714,
      0.000323633,
      0.000498022,
      0.00500382,
      0.00201329,
      -0.000188532,
      -0.00108125
    ],
    [
      0.0189087,
      -0.00645505,
      -0.246126,
      -0.00943405,
      0.0225098,
      0,
      0,
      -0.00397277,
      0.00438272,
      -0.0048868,
      -0.0132436,
      -0.0181358,
      -0.0629777,
      -0.0226515,
      0.000668847,
      0.00201329,
      0.0544757,
      -0.0139129,
      -0.0233353
    ],
    [
      -0.000888555,
      0.0115008,
      0.0696729,
      -0.00265968,
      -0.0059964,
      0,
      0,
      0.00054654,
      -0.0000119292,
      0.00042246,
      0.00161409,
      0.0041635,
      0.00926632,
      0.00538079,
      -0.00169217,
      -0.000188532,
      -0.0139129,
      0.0069143,
      0.00572217
    ],
    [
      0.00012026,
      -0.00914624,
      0.115975,
      0.00678273,
      -0.0175728,
      0,
      0,
      0.00185221,
      -0.00487263,
      0.00307343,
      0.00840278,
      0.00727558,
      0.0193535,
      0.0124676,
      0.000605062,
      -0.00108125,
      -0.0233353,
      0.00572217,
      0.0163419
    ]
  ]
}