{
  "name": "SIQRI_HBRS_B HFMD Japan",
  "description": "...",
  "type": "theta",
  "parameter": {
    "SS": {
      "transformation": "logit",
      "partition_id": "identical_population",
      "group": {
        "all": {
          "min": {
            "value": 0
          },
          "guess": {
            "value": 0.0470513
          },
          "max": {
            "value": 0.95
          },
          "sd_transf": {
            "value": 0.2
          },
          "prior": {
            "value": "uniform"
          }
        }
      }
    },
    "IS": {
      "transformation": "logit",
      "partition_id": "identical_population",
      "group": {
        "all": {
          "min": {
            "value": 0
          },
          "guess": {
            "value": 0.00000152396
          },
          "max": {
            "value": 0.01
          },
          "sd_transf": {
            "value": 0.2
          },
          "prior": {
            "value": "uniform"
          }
        }
      }
    },
    "SI": {
      "transformation": "logit",
      "partition_id": "identical_population",
      "group": {
        "all": {
          "min": {
            "value": 0
          },
          "guess": {
            "value": 6.05291e-12
          },
          "max": {
            "value": 0.01
          },
          "sd_transf": {
            "value": 0.2
          },
          "prior": {
            "value": "uniform"
          }
        }
      }
    },
    "RS": {
      "transformation": "logit",
      "partition_id": "identical_population",
      "group": {
        "all": {
          "min": {
            "value": 0
          },
          "guess": {
            "value": 0.0646464
          },
          "max": {
            "value": 0.95
          },
          "sd_transf": {
            "value": 0.2
          },
          "prior": {
            "value": "uniform"
          }
        }
      }
    },
    "SR": {
      "transformation": "logit",
      "partition_id": "identical_population",
      "group": {
        "all": {
          "min": {
            "value": 0
          },
          "guess": {
            "value": 0.205862
          },
          "max": {
            "value": 0.95
          },
          "sd_transf": {
            "value": 0.2
          },
          "prior": {
            "value": "uniform"
          }
        }
      }
    },
    "IR": {
      "transformation": "logit",
      "partition_id": "identical_population",
      "group": {
        "all": {
          "min": {
            "value": 0
          },
          "guess": {
            "value": 9.5e-18
          },
          "max": {
            "value": 0.95
          },
          "sd_transf": {
            "value": 0
          },
          "prior": {
            "value": "uniform"
          }
        }
      }
    },
    "RI": {
      "transformation": "logit",
      "partition_id": "identical_population",
      "group": {
        "all": {
          "min": {
            "value": 0
          },
          "guess": {
            "value": 9.5e-18
          },
          "max": {
            "value": 0.95
          },
          "sd_transf": {
            "value": 0
          },
          "prior": {
            "value": "uniform"
          }
        }
      }
    },
    "SQ": {
      "transformation": "logit",
      "partition_id": "identical_population",
      "group": {
        "all": {
          "min": {
            "value": 0
          },
          "guess": {
            "value": 9.5e-18
          },
          "max": {
            "value": 0.95
          },
          "sd_transf": {
            "value": 0
          },
          "prior": {
            "value": "uniform"
          }
        }
      }
    },
    "QS": {
      "transformation": "logit",
      "partition_id": "identical_population",
      "group": {
        "all": {
          "min": {
            "value": 0
          },
          "guess": {
            "value": 9.5e-18
          },
          "max": {
            "value": 0.95
          },
          "sd_transf": {
            "value": 0
          },
          "prior": {
            "value": "uniform"
          }
        }
      }
    },
    "QR": {
      "transformation": "logit",
      "partition_id": "identical_population",
      "group": {
        "all": {
          "min": {
            "value": 0
          },
          "guess": {
            "value": 9.5e-18
          },
          "max": {
            "value": 0.95
          },
          "sd_transf": {
            "value": 0
          },
          "prior": {
            "value": "uniform"
          }
        }
      }
    },
    "RQ": {
      "transformation": "logit",
      "partition_id": "identical_population",
      "group": {
        "all": {
          "min": {
            "value": 0
          },
          "guess": {
            "value": 9.5e-18
          },
          "max": {
            "value": 0.95
          },
          "sd_transf": {
            "value": 0
          },
          "prior": {
            "value": "uniform"
          }
        }
      }
    },
    "r0_1": {
      "transformation": "log",
      "partition_id": "identical_population",
      "group": {
        "all": {
          "min": {
            "value": 2.05
          },
          "guess": {
            "value": 2.3462
          },
          "max": {
            "value": 2.78
          },
          "sd_transf": {
            "value": 0.04
          },
          "prior": {
            "value": "normal"
          }
        }
      }
    },
    "r0_2": {
      "transformation": "log",
      "partition_id": "identical_population",
      "group": {
        "all": {
          "min": {
            "value": 2.05
          },
          "guess": {
            "value": 2.58596
          },
          "max": {
            "value": 2.78
          },
          "sd_transf": {
            "value": 0.04
          },
          "prior": {
            "value": "normal"
          }
        }
      }
    },
    "v": {
      "unit": "D",
      "type": "rate_as_duration",
      "transformation": "log",
      "partition_id": "identical_population",
      "group": {
        "all": {
          "min": {
            "value": 2.15
          },
          "guess": {
            "value": 0.373844
          },
          "max": {
            "value": 2.81
          },
          "sd_transf": {
            "value": 0.04
          },
          "prior": {
            "value": "normal"
          }
        }
      }
    },
    "e": {
      "transformation": "logit",
      "partition_id": "identical_population",
      "group": {
        "all": {
          "min": {
            "value": 0.001
          },
          "guess": {
            "value": 0.00796223
          },
          "max": {
            "value": 0.3
          },
          "sd_transf": {
            "value": 0.2
          },
          "prior": {
            "value": "uniform"
          }
        }
      }
    },
    "d": {
      "transformation": "log",
      "partition_id": "identical_population",
      "group": {
        "all": {
          "min": {
            "value": 0.6
          },
          "guess": {
            "value": 0.742232
          },
          "max": {
            "value": 0.99
          },
          "sd_transf": {
            "value": 0.04
          },
          "prior": {
            "value": "uniform"
          }
        }
      }
    },
    "sigma": {
      "transformation": "logit",
      "partition_id": "identical_population",
      "group": {
        "all": {
          "min": {
            "value": 0.1
          },
          "guess": {
            "value": 0.710515
          },
          "max": {
            "value": 0.98
          },
          "sd_transf": {
            "value": 0.2
          },
          "prior": {
            "value": "uniform"
          }
        }
      }
    },
    "sto": {
      "transformation": "log",
      "partition_id": "identical_population",
      "group": {
        "all": {
          "min": {
            "value": 0
          },
          "guess": {
            "value": 0.0307887
          },
          "max": {
            "value": 0.8
          },
          "sd_transf": {
            "value": 0.02
          },
          "prior": {
            "value": "uniform"
          }
        }
      }
    },
    "iota_1": {
      "transformation": "scale_pow10_bounded",
      "partition_id": "identical_population",
      "group": {
        "all": {
          "min": {
            "value": -3.5
          },
          "guess": {
            "value": 0.0567027
          },
          "max": {
            "value": 4
          },
          "sd_transf": {
            "value": 0.04
          },
          "prior": {
            "value": "uniform"
          }
        }
      }
    },
    "iota_2": {
      "transformation": "scale_pow10_bounded",
      "partition_id": "identical_population",
      "group": {
        "all": {
          "min": {
            "value": -3.5
          },
          "guess": {
            "value": 0.234722
          },
          "max": {
            "value": 4
          },
          "sd_transf": {
            "value": 0.04
          },
          "prior": {
            "value": "uniform"
          }
        }
      }
    },
    "q": {
      "unit": "M",
      "type": "rate_as_duration",
      "transformation": "log",
      "partition_id": "identical_population",
      "group": {
        "all": {
          "min": {
            "value": 0.05
          },
          "guess": {
            "value": 0.611709
          },
          "max": {
            "value": 12
          },
          "sd_transf": {
            "value": 0.04
          },
          "prior": {
            "value": "uniform"
          }
        }
      }
    },
    "z": {
      "transformation": "logit",
      "partition_id": "identical_population",
      "group": {
        "all": {
          "min": {
            "value": 0
          },
          "guess": {
            "value": 0.429196
          },
          "max": {
            "value": 0.95
          },
          "sd_transf": {
            "value": 0.2
          },
          "prior": {
            "value": "uniform"
          }
        }
      }
    },
    "rep": {
      "transformation": "logit",
      "partition_id": "variable_time_series",
      "group": {
        "EV71_JAP__IASR__inc": {
          "min": {
            "value": 0.05
          },
          "guess": {
            "value": 0.0578886
          },
          "max": {
            "value": 0.3
          },
          "sd_transf": {
            "value": 0.2
          },
          "prior": {
            "value": "normal"
          }
        },
        "CA16_JAP__IASR__inc": {
          "min": {
            "value": 0.05
          },
          "guess": {
            "value": 0.035021
          },
          "max": {
            "value": 0.3
          },
          "sd_transf": {
            "value": 0.2
          },
          "prior": {
            "value": "normal"
          }
        }
      }
    }
  },
  "partition": {
    "variable_population": {
      "group": [
        {
          "id": "Japan__all",
          "population_id": [
            "Japan__all"
          ]
        }
      ]
    },
    "variable_time_series": {
      "group": [
        {
          "id": "EV71_JAP__IASR__inc",
          "time_series_id": [
            "EV71_JAP__IASR__inc"
          ]
        },
        {
          "id": "CA16_JAP__IASR__inc",
          "time_series_id": [
            "CA16_JAP__IASR__inc"
          ]
        }
      ]
    },
    "identical_population": {
      "group": [
        {
          "id": "all",
          "population_id": [
            "Japan__all"
          ]
        }
      ]
    },
    "identical_time_series": {
      "group": [
        {
          "id": "all",
          "time_series_id": [
            "EV71_JAP__IASR__inc",
            "CA16_JAP__IASR__inc"
          ]
        }
      ]
    }
  },
  "covariance": [
    [
      "SS:all",
      "IS:all",
      "SI:all",
      "RS:all",
      "SR:all",
      "IR:all",
      "RI:all",
      "SQ:all",
      "QS:all",
      "QR:all",
      "RQ:all",
      "r0_1:all",
      "r0_2:all",
      "v:all",
      "e:all",
      "d:all",
      "sigma:all",
      "sto:all",
      "iota_1:all",
      "iota_2:all",
      "q:all",
      "z:all",
      "rep:EV71_JAP__IASR__inc",
      "rep:CA16_JAP__IASR__inc"
    ],
    [
      0.0295465,
      -0.00413979,
      0.0368022,
      -0.0102846,
      0.00593175,
      0,
      0,
      0,
      0,
      0,
      0,
      -0.00441453,
      -0.00283461,
      -0.00223831,
      -0.00706963,
      0.00295583,
      0.0110044,
      -0.000509185,
      -0.00066778,
      0.00154052,
      0.00234176,
      -0.00342995,
      0.0128268,
      0.0138122
    ],
    [
      -0.00413979,
      0.0456016,
      -0.0262154,
      0.0017601,
      0.0122763,
      0,
      0,
      0,
      0,
      0,
      0,
      0.00428175,
      0.00442013,
      -0.000179373,
      -0.00608715,
      -0.00257448,
      -0.025029,
      0.000663912,
      -0.00129509,
      -0.0046956,
      -0.000880973,
      -0.0015061,
      0.00828057,
      -0.0000365538
    ],
    [
      0.0368022,
      -0.0262154,
      0.10128,
      -0.0253069,
      -0.0162668,
      0,
      0,
      0,
      0,
      0,
      0,
      -0.0093873,
      -0.00930804,
      -0.00436834,
      -0.00134427,
      0.000922755,
      0.0358461,
      -0.00227493,
      -0.0000384541,
      0.00239612,
      0.00281718,
      0.00563582,
      -0.00171617,
      0.00783961
    ],
    [
      -0.0102846,
      0.0017601,
      -0.0253069,
      0.0148383,
      0.00541661,
      0,
      0,
      0,
      0,
      0,
      0,
      0.00291813,
      0.00303173,
      0.00154646,
      -0.000408075,
      -0.0000991162,
      -0.00923729,
      0.000894781,
      0.000347317,
      -0.00105723,
      -0.0025892,
      -0.00396304,
      0.00138013,
      0.00130765
    ],
    [
      0.00593175,
      0.0122763,
      -0.0162668,
      0.00541661,
      0.0258887,
      0,
      0,
      0,
      0,
      0,
      0,
      0.00172485,
      0.00419969,
      0.000319288,
      -0.0087674,
      0.0013393,
      -0.0164728,
      0.00108621,
      -0.000516277,
      -0.00240388,
      -0.00171464,
      -0.00899714,
      0.0194783,
      0.00988355
    ],
    [
      0,
      0,
      0,
      0,
      0,
      0,
      0,
      0,
      0,
      0,
      0,
      0,
      0,
      0,
      0,
      0,
      0,
      0,
      0,
      0,
      0,
      0,
      0,
      0
    ],
    [
      0,
      0,
      0,
      0,
      0,
      0,
      0,
      0,
      0,
      0,
      0,
      0,
      0,
      0,
      0,
      0,
      0,
      0,
      0,
      0,
      0,
      0,
      0,
      0
    ],
    [
      0,
      0,
      0,
      0,
      0,
      0,
      0,
      0,
      0,
      0,
      0,
      0,
      0,
      0,
      0,
      0,
      0,
      0,
      0,
      0,
      0,
      0,
      0,
      0
    ],
    [
      0,
      0,
      0,
      0,
      0,
      0,
      0,
      0,
      0,
      0,
      0,
      0,
      0,
      0,
      0,
      0,
      0,
      0,
      0,
      0,
      0,
      0,
      0,
      0
    ],
    [
      0,
      0,
      0,
      0,
      0,
      0,
      0,
      0,
      0,
      0,
      0,
      0,
      0,
      0,
      0,
      0,
      0,
      0,
      0,
      0,
      0,
      0,
      0,
      0
    ],
    [
      0,
      0,
      0,
      0,
      0,
      0,
      0,
      0,
      0,
      0,
      0,
      0,
      0,
      0,
      0,
      0,
      0,
      0,
      0,
      0,
      0,
      0,
      0,
      0
    ],
    [
      -0.00441453,
      0.00428175,
      -0.0093873,
      0.00291813,
      0.00172485,
      0,
      0,
      0,
      0,
      0,
      0,
      0.00141112,
      0.00137649,
      0.000499409,
      -0.0000584105,
      -0.000427785,
      -0.00512863,
      0.000277183,
      0.0000943589,
      -0.000852332,
      -0.00092392,
      -0.000902221,
      0.000241906,
      -0.000870524
    ],
    [
      -0.00283461,
      0.00442013,
      -0.00930804,
      0.00303173,
      0.00419969,
      0,
      0,
      0,
      0,
      0,
      0,
      0.00137649,
      0.00179471,
      0.000536382,
      -0.000850363,
      -0.000145142,
      -0.00497487,
      0.000369742,
      0.000123162,
      -0.0010324,
      -0.00122713,
      -0.00267194,
      0.00267852,
      0.000721281
    ],
    [
      -0.00223831,
      -0.000179373,
      -0.00436834,
      0.00154646,
      0.000319288,
      0,
      0,
      0,
      0,
      0,
      0,
      0.000499409,
      0.000536382,
      0.000593389,
      0.000815866,
      0.000223872,
      -0.00105944,
      0.000119252,
      0.000128885,
      -0.000248081,
      -0.000311238,
      -0.000624738,
      -0.000181463,
      -0.000457716
    ],
    [
      -0.00706963,
      -0.00608715,
      -0.00134427,
      -0.000408075,
      -0.0087674,
      0,
      0,
      0,
      0,
      0,
      0,
      -0.0000584105,
      -0.000850363,
      0.000815866,
      0.00775605,
      0.000249807,
      0.00531088,
      -0.000264593,
      0.000469856,
      0.000578207,
      0.000638856,
      0.00268239,
      -0.00806408,
      -0.00545726
    ],
    [
      0.00295583,
      -0.00257448,
      0.000922755,
      -0.0000991162,
      0.0013393,
      0,
      0,
      0,
      0,
      0,
      0,
      -0.000427785,
      -0.000145142,
      0.000223872,
      0.000249807,
      0.00235099,
      0.00142975,
      0.0000153381,
      -0.000178669,
      0.000730188,
      0.00136462,
      -0.00101675,
      0.0019431,
      0.00199027
    ],
    [
      0.0110044,
      -0.025029,
      0.0358461,
      -0.00923729,
      -0.0164728,
      0,
      0,
      0,
      0,
      0,
      0,
      -0.00512863,
      -0.00497487,
      -0.00105944,
      0.00531088,
      0.00142975,
      0.0310024,
      -0.00112711,
      0.000708137,
      0.003627,
      0.00171162,
      0.000497937,
      -0.00746168,
      0.00102328
    ],
    [
      -0.000509185,
      0.000663912,
      -0.00227493,
      0.000894781,
      0.00108621,
      0,
      0,
      0,
      0,
      0,
      0,
      0.000277183,
      0.000369742,
      0.000119252,
      -0.000264593,
      0.0000153381,
      -0.00112711,
      0.000126614,
      0.0000111625,
      -0.000153154,
      -0.000222118,
      -0.00059504,
      0.000685489,
      0.000330668
    ],
    [
      -0.00066778,
      -0.00129509,
      -0.0000384541,
      0.000347317,
      -0.000516277,
      0,
      0,
      0,
      0,
      0,
      0,
      0.0000943589,
      0.000123162,
      0.000128885,
      0.000469856,
      -0.000178669,
      0.000708137,
      0.0000111625,
      0.000349318,
      -0.000169263,
      -0.000460239,
      -0.000418036,
      -0.000409153,
      -0.000095905
    ],
    [
      0.00154052,
      -0.0046956,
      0.00239612,
      -0.00105723,
      -0.00240388,
      0,
      0,
      0,
      0,
      0,
      0,
      -0.000852332,
      -0.0010324,
      -0.000248081,
      0.000578207,
      0.000730188,
      0.003627,
      -0.000153154,
      -0.000169263,
      0.00187222,
      0.00139481,
      0.00111006,
      -0.00154606,
      0.0000133265
    ],
    [
      0.00234176,
      -0.000880973,
      0.00281718,
      -0.0025892,
      -0.00171464,
      0,
      0,
      0,
      0,
      0,
      0,
      -0.00092392,
      -0.00122713,
      -0.000311238,
      0.000638856,
      0.00136462,
      0.00171162,
      -0.000222118,
      -0.000460239,
      0.00139481,
      0.00293201,
      0.00233332,
      -0.00111298,
      -0.000517707
    ],
    [
      -0.00342995,
      -0.0015061,
      0.00563582,
      -0.00396304,
      -0.00899714,
      0,
      0,
      0,
      0,
      0,
      0,
      -0.000902221,
      -0.00267194,
      -0.000624738,
      0.00268239,
      -0.00101675,
      0.000497937,
      -0.00059504,
      -0.000418036,
      0.00111006,
      0.00233332,
      0.00875122,
      -0.00903838,
      -0.00668916
    ],
    [
      0.0128268,
      0.00828057,
      -0.00171617,
      0.00138013,
      0.0194783,
      0,
      0,
      0,
      0,
      0,
      0,
      0.000241906,
      0.00267852,
      -0.000181463,
      -0.00806408,
      0.0019431,
      -0.00746168,
      0.000685489,
      -0.000409153,
      -0.00154606,
      -0.00111298,
      -0.00903838,
      0.0186391,
      0.0115187
    ],
    [
      0.0138122,
      -0.0000365538,
      0.00783961,
      0.00130765,
      0.00988355,
      0,
      0,
      0,
      0,
      0,
      0,
      -0.000870524,
      0.000721281,
      -0.000457716,
      -0.00545726,
      0.00199027,
      0.00102328,
      0.000330668,
      -0.000095905,
      0.0000133265,
      -0.000517707,
      -0.00668916,
      0.0115187,
      0.0115482
    ]
  ]
}