{
  "name": "SIR_SBRI HFMD Japan",
  "description": "...",
  "type": "theta",
  "parameter": {
    "SS": {
      "transformation": "logit",
      "partition_id": "identical_population",
      "group": {
        "all": {
          "min": {
            "value": 0
          },
          "guess": {
            "value": 0.31851
          },
          "max": {
            "value": 0.95
          },
          "sd_transf": {
            "value": 0.2
          },
          "prior": {
            "value": "uniform"
          }
        }
      }
    },
    "IS": {
      "transformation": "logit",
      "partition_id": "identical_population",
      "group": {
        "all": {
          "min": {
            "value": 0
          },
          "guess": {
            "value": 0.00000233655
          },
          "max": {
            "value": 0.01
          },
          "sd_transf": {
            "value": 0.2
          },
          "prior": {
            "value": "uniform"
          }
        }
      }
    },
    "SI": {
      "transformation": "logit",
      "partition_id": "identical_population",
      "group": {
        "all": {
          "min": {
            "value": 0
          },
          "guess": {
            "value": 1.55612e-19
          },
          "max": {
            "value": 0.01
          },
          "sd_transf": {
            "value": 0.2
          },
          "prior": {
            "value": "uniform"
          }
        }
      }
    },
    "RS": {
      "transformation": "logit",
      "partition_id": "identical_population",
      "group": {
        "all": {
          "min": {
            "value": 0
          },
          "guess": {
            "value": 0.101927
          },
          "max": {
            "value": 0.95
          },
          "sd_transf": {
            "value": 0.2
          },
          "prior": {
            "value": "uniform"
          }
        }
      }
    },
    "SR": {
      "transformation": "logit",
      "partition_id": "identical_population",
      "group": {
        "all": {
          "min": {
            "value": 0
          },
          "guess": {
            "value": 0.00000703152
          },
          "max": {
            "value": 0.95
          },
          "sd_transf": {
            "value": 0.2
          },
          "prior": {
            "value": "uniform"
          }
        }
      }
    },
    "IR": {
      "transformation": "logit",
      "partition_id": "identical_population",
      "group": {
        "all": {
          "min": {
            "value": 0
          },
          "guess": {
            "value": 9.5e-18
          },
          "max": {
            "value": 0.95
          },
          "sd_transf": {
            "value": 0
          },
          "prior": {
            "value": "uniform"
          }
        }
      }
    },
    "RI": {
      "transformation": "logit",
      "partition_id": "identical_population",
      "group": {
        "all": {
          "min": {
            "value": 0
          },
          "guess": {
            "value": 9.5e-18
          },
          "max": {
            "value": 0.95
          },
          "sd_transf": {
            "value": 0
          },
          "prior": {
            "value": "uniform"
          }
        }
      }
    },
    "r0_1": {
      "transformation": "log",
      "partition_id": "identical_population",
      "group": {
        "all": {
          "min": {
            "value": 2.05
          },
          "guess": {
            "value": 3.16685
          },
          "max": {
            "value": 2.78
          },
          "sd_transf": {
            "value": 0.04
          },
          "prior": {
            "value": "normal"
          }
        }
      }
    },
    "r0_2": {
      "transformation": "log",
      "partition_id": "identical_population",
      "group": {
        "all": {
          "min": {
            "value": 2.05
          },
          "guess": {
            "value": 2.41927
          },
          "max": {
            "value": 2.78
          },
          "sd_transf": {
            "value": 0.04
          },
          "prior": {
            "value": "normal"
          }
        }
      }
    },
    "v": {
      "unit": "D",
      "type": "rate_as_duration",
      "transformation": "log",
      "partition_id": "identical_population",
      "group": {
        "all": {
          "min": {
            "value": 2.15
          },
          "guess": {
            "value": 1.68638
          },
          "max": {
            "value": 2.81
          },
          "sd_transf": {
            "value": 0.04
          },
          "prior": {
            "value": "normal"
          }
        }
      }
    },
    "e": {
      "transformation": "logit",
      "partition_id": "identical_population",
      "group": {
        "all": {
          "min": {
            "value": 0.001
          },
          "guess": {
            "value": 0.0348646
          },
          "max": {
            "value": 0.3
          },
          "sd_transf": {
            "value": 0.2
          },
          "prior": {
            "value": "uniform"
          }
        }
      }
    },
    "d": {
      "transformation": "log",
      "partition_id": "identical_population",
      "group": {
        "all": {
          "min": {
            "value": 0.6
          },
          "guess": {
            "value": 0.867437
          },
          "max": {
            "value": 0.99
          },
          "sd_transf": {
            "value": 0.04
          },
          "prior": {
            "value": "uniform"
          }
        }
      }
    },
    "sigma": {
      "transformation": "logit",
      "partition_id": "identical_population",
      "group": {
        "all": {
          "min": {
            "value": 0.1
          },
          "guess": {
            "value": 0.974913
          },
          "max": {
            "value": 0.98
          },
          "sd_transf": {
            "value": 0.2
          },
          "prior": {
            "value": "uniform"
          }
        }
      }
    },
    "sto": {
      "transformation": "log",
      "partition_id": "identical_population",
      "group": {
        "all": {
          "min": {
            "value": 0
          },
          "guess": {
            "value": 0.181137
          },
          "max": {
            "value": 0.8
          },
          "sd_transf": {
            "value": 0.02
          },
          "prior": {
            "value": "uniform"
          }
        }
      }
    },
    "iota_1": {
      "transformation": "scale_pow10_bounded",
      "partition_id": "identical_population",
      "group": {
        "all": {
          "min": {
            "value": -3.5
          },
          "guess": {
            "value": 1.19091
          },
          "max": {
            "value": 4
          },
          "sd_transf": {
            "value": 0.04
          },
          "prior": {
            "value": "uniform"
          }
        }
      }
    },
    "iota_2": {
      "transformation": "scale_pow10_bounded",
      "partition_id": "identical_population",
      "group": {
        "all": {
          "min": {
            "value": -3.5
          },
          "guess": {
            "value": 1.1091
          },
          "max": {
            "value": 4
          },
          "sd_transf": {
            "value": 0.04
          },
          "prior": {
            "value": "uniform"
          }
        }
      }
    },
    "rep": {
      "transformation": "logit",
      "partition_id": "variable_time_series",
      "group": {
        "EV71_JAP__IASR__inc": {
          "min": {
            "value": 0.05
          },
          "guess": {
            "value": 0.145902
          },
          "max": {
            "value": 0.3
          },
          "sd_transf": {
            "value": 0.2
          },
          "prior": {
            "value": "normal"
          }
        },
        "CA16_JAP__IASR__inc": {
          "min": {
            "value": 0.05
          },
          "guess": {
            "value": 0.209199
          },
          "max": {
            "value": 0.3
          },
          "sd_transf": {
            "value": 0.2
          },
          "prior": {
            "value": "normal"
          }
        }
      }
    }
  },
  "partition": {
    "variable_population": {
      "group": [
        {
          "id": "Japan__all",
          "population_id": [
            "Japan__all"
          ]
        }
      ]
    },
    "variable_time_series": {
      "group": [
        {
          "id": "EV71_JAP__IASR__inc",
          "time_series_id": [
            "EV71_JAP__IASR__inc"
          ]
        },
        {
          "id": "CA16_JAP__IASR__inc",
          "time_series_id": [
            "CA16_JAP__IASR__inc"
          ]
        }
      ]
    },
    "identical_population": {
      "group": [
        {
          "id": "all",
          "population_id": [
            "Japan__all"
          ]
        }
      ]
    },
    "identical_time_series": {
      "group": [
        {
          "id": "all",
          "time_series_id": [
            "EV71_JAP__IASR__inc",
            "CA16_JAP__IASR__inc"
          ]
        }
      ]
    }
  },
  "covariance": [
    [
      "SS:all",
      "IS:all",
      "SI:all",
      "RS:all",
      "SR:all",
      "IR:all",
      "RI:all",
      "r0_1:all",
      "r0_2:all",
      "v:all",
      "e:all",
      "d:all",
      "sigma:all",
      "sto:all",
      "iota_1:all",
      "iota_2:all",
      "rep:EV71_JAP__IASR__inc",
      "rep:CA16_JAP__IASR__inc"
    ],
    [
      0.00417032,
      0.00452974,
      0.00313572,
      -0.00621321,
      0.000875519,
      0,
      0,
      -0.00258706,
      -0.00131594,
      0.000231702,
      0.000210762,
      -0.000879593,
      -0.00639162,
      0.00122725,
      0.00000603498,
      0.000231763,
      0.00102506,
      0.000939657
    ],
    [
      0.00452974,
      0.273423,
      0.0149286,
      -0.0892829,
      -0.233524,
      0,
      0,
      -0.00319689,
      0.00773961,
      0.000414179,
      0.00183411,
      0.0144171,
      -0.025743,
      -0.0171604,
      -0.00484109,
      -0.0000245762,
      0.00711357,
      -0.00108834
    ],
    [
      0.00313572,
      0.0149286,
      0.288037,
      -0.088762,
      0.0090289,
      0,
      0,
      -0.00181374,
      0.0112929,
      0.00235828,
      -0.00220622,
      -0.0312553,
      -0.022497,
      0.000428549,
      -0.00388658,
      0.0054981,
      0.00320693,
      -0.0118714
    ],
    [
      -0.00621321,
      -0.0892829,
      -0.088762,
      0.193257,
      0.114054,
      0,
      0,
      0.00374532,
      -0.0217826,
      -0.00198705,
      -0.00134473,
      0.00900022,
      0.0586195,
      -0.00361404,
      0.00484271,
      -0.00403671,
      -0.00411265,
      0.019089
    ],
    [
      0.000875519,
      -0.233524,
      0.0090289,
      0.114054,
      0.32585,
      0,
      0,
      -0.000264094,
      -0.0142021,
      0.00449475,
      0.00250527,
      -0.01911,
      0.00739687,
      0.0210316,
      0.00665021,
      0.00149768,
      -0.00470056,
      0.00694393
    ],
    [
      0,
      0,
      0,
      0,
      0,
      0,
      0,
      0,
      0,
      0,
      0,
      0,
      0,
      0,
      0,
      0,
      0,
      0
    ],
    [
      0,
      0,
      0,
      0,
      0,
      0,
      0,
      0,
      0,
      0,
      0,
      0,
      0,
      0,
      0,
      0,
      0,
      0
    ],
    [
      -0.00258706,
      -0.00319689,
      -0.00181374,
      0.00374532,
      -0.000264094,
      0,
      0,
      0.00164309,
      0.000834269,
      -0.000102479,
      -0.0000896598,
      0.000536189,
      0.00388287,
      -0.000747425,
      0.00000778559,
      -0.000132393,
      -0.000927103,
      -0.000590135
    ],
    [
      -0.00131594,
      0.00773961,
      0.0112929,
      -0.0217826,
      -0.0142021,
      0,
      0,
      0.000834269,
      0.00366616,
      0.000392983,
      0.000305393,
      -0.00121134,
      -0.00475348,
      0.000153378,
      -0.000531297,
      0.000678429,
      0.0000175078,
      -0.00358009
    ],
    [
      0.000231702,
      0.000414179,
      0.00235828,
      -0.00198705,
      0.00449475,
      0,
      0,
      -0.000102479,
      0.000392983,
      0.00301003,
      0.00298366,
      -0.000558621,
      -0.00506843,
      0.000697527,
      0.000687141,
      0.000951656,
      0.000285231,
      -0.000697531
    ],
    [
      0.000210762,
      0.00183411,
      -0.00220622,
      -0.00134473,
      0.00250527,
      0,
      0,
      -0.0000896598,
      0.000305393,
      0.00298366,
      0.00808472,
      0.000065564,
      -0.00895018,
      0.000658095,
      0.000958769,
      0.000643033,
      0.000167282,
      -0.000258168
    ],
    [
      -0.000879593,
      0.0144171,
      -0.0312553,
      0.00900022,
      -0.01911,
      0,
      0,
      0.000536189,
      -0.00121134,
      -0.000558621,
      0.000065564,
      0.0103626,
      0.00339931,
      -0.00397148,
      -0.0000264671,
      -0.00201468,
      -0.00039946,
      0.00313876
    ],
    [
      -0.00639162,
      -0.025743,
      -0.022497,
      0.0586195,
      0.00739687,
      0,
      0,
      0.00388287,
      -0.00475348,
      -0.00506843,
      -0.00895018,
      0.00339931,
      0.129149,
      -0.00822489,
      -0.00315873,
      0.00109369,
      -0.000992386,
      0.00200994
    ],
    [
      0.00122725,
      -0.0171604,
      0.000428549,
      -0.00361404,
      0.0210316,
      0,
      0,
      -0.000747425,
      0.000153378,
      0.000697527,
      0.000658095,
      -0.00397148,
      -0.00822489,
      0.00559072,
      0.00110138,
      0.00155376,
      -0.000392907,
      -0.00181705
    ],
    [
      0.00000603498,
      -0.00484109,
      -0.00388658,
      0.00484271,
      0.00665021,
      0,
      0,
      0.00000778559,
      -0.000531297,
      0.000687141,
      0.000958769,
      -0.0000264671,
      -0.00315873,
      0.00110138,
      0.00168084,
      0.000881435,
      -0.000800171,
      -0.0000154501
    ],
    [
      0.000231763,
      -0.0000245762,
      0.0054981,
      -0.00403671,
      0.00149768,
      0,
      0,
      -0.000132393,
      0.000678429,
      0.000951656,
      0.000643033,
      -0.00201468,
      0.00109369,
      0.00155376,
      0.000881435,
      0.00393918,
      -0.000192619,
      -0.00183506
    ],
    [
      0.00102506,
      0.00711357,
      0.00320693,
      -0.00411265,
      -0.00470056,
      0,
      0,
      -0.000927103,
      0.0000175078,
      0.000285231,
      0.000167282,
      -0.00039946,
      -0.000992386,
      -0.000392907,
      -0.000800171,
      -0.000192619,
      0.00385456,
      -0.0000178396
    ],
    [
      0.000939657,
      -0.00108834,
      -0.0118714,
      0.019089,
      0.00694393,
      0,
      0,
      -0.000590135,
      -0.00358009,
      -0.000697531,
      -0.000258168,
      0.00313876,
      0.00200994,
      -0.00181705,
      -0.0000154501,
      -0.00183506,
      -0.0000178396,
      0.00885933
    ]
  ]
}