{
  "name": "SIQRS_HBRS HFMD Japan",
  "description": "...",
  "type": "theta",
  "parameter": {
    "SS": {
      "transformation": "logit",
      "partition_id": "identical_population",
      "group": {
        "all": {
          "min": {
            "value": 0
          },
          "guess": {
            "value": 0.184168
          },
          "max": {
            "value": 0.95
          },
          "sd_transf": {
            "value": 0.2
          },
          "prior": {
            "value": "uniform"
          }
        }
      }
    },
    "IS": {
      "transformation": "logit",
      "partition_id": "identical_population",
      "group": {
        "all": {
          "min": {
            "value": 0
          },
          "guess": {
            "value": 0.0000173727
          },
          "max": {
            "value": 0.01
          },
          "sd_transf": {
            "value": 0.2
          },
          "prior": {
            "value": "uniform"
          }
        }
      }
    },
    "SI": {
      "transformation": "logit",
      "partition_id": "identical_population",
      "group": {
        "all": {
          "min": {
            "value": 0
          },
          "guess": {
            "value": 0.00000143285
          },
          "max": {
            "value": 0.01
          },
          "sd_transf": {
            "value": 0.2
          },
          "prior": {
            "value": "uniform"
          }
        }
      }
    },
    "RS": {
      "transformation": "logit",
      "partition_id": "identical_population",
      "group": {
        "all": {
          "min": {
            "value": 0
          },
          "guess": {
            "value": 0.378699
          },
          "max": {
            "value": 0.95
          },
          "sd_transf": {
            "value": 0.2
          },
          "prior": {
            "value": "uniform"
          }
        }
      }
    },
    "SR": {
      "transformation": "logit",
      "partition_id": "identical_population",
      "group": {
        "all": {
          "min": {
            "value": 0
          },
          "guess": {
            "value": 0.436639
          },
          "max": {
            "value": 0.95
          },
          "sd_transf": {
            "value": 0.2
          },
          "prior": {
            "value": "uniform"
          }
        }
      }
    },
    "IR": {
      "transformation": "logit",
      "partition_id": "identical_population",
      "group": {
        "all": {
          "min": {
            "value": 0
          },
          "guess": {
            "value": 9.5e-18
          },
          "max": {
            "value": 0.95
          },
          "sd_transf": {
            "value": 0
          },
          "prior": {
            "value": "uniform"
          }
        }
      }
    },
    "RI": {
      "transformation": "logit",
      "partition_id": "identical_population",
      "group": {
        "all": {
          "min": {
            "value": 0
          },
          "guess": {
            "value": 9.5e-18
          },
          "max": {
            "value": 0.95
          },
          "sd_transf": {
            "value": 0
          },
          "prior": {
            "value": "uniform"
          }
        }
      }
    },
    "SQ": {
      "transformation": "logit",
      "partition_id": "identical_population",
      "group": {
        "all": {
          "min": {
            "value": 0
          },
          "guess": {
            "value": 9.5e-18
          },
          "max": {
            "value": 0.95
          },
          "sd_transf": {
            "value": 0
          },
          "prior": {
            "value": "uniform"
          }
        }
      }
    },
    "QS": {
      "transformation": "logit",
      "partition_id": "identical_population",
      "group": {
        "all": {
          "min": {
            "value": 0
          },
          "guess": {
            "value": 9.5e-18
          },
          "max": {
            "value": 0.95
          },
          "sd_transf": {
            "value": 0
          },
          "prior": {
            "value": "uniform"
          }
        }
      }
    },
    "QR": {
      "transformation": "logit",
      "partition_id": "identical_population",
      "group": {
        "all": {
          "min": {
            "value": 0
          },
          "guess": {
            "value": 9.5e-18
          },
          "max": {
            "value": 0.95
          },
          "sd_transf": {
            "value": 0
          },
          "prior": {
            "value": "uniform"
          }
        }
      }
    },
    "RQ": {
      "transformation": "logit",
      "partition_id": "identical_population",
      "group": {
        "all": {
          "min": {
            "value": 0
          },
          "guess": {
            "value": 9.5e-18
          },
          "max": {
            "value": 0.95
          },
          "sd_transf": {
            "value": 0
          },
          "prior": {
            "value": "uniform"
          }
        }
      }
    },
    "r0_1": {
      "transformation": "log",
      "partition_id": "identical_population",
      "group": {
        "all": {
          "min": {
            "value": 2.05
          },
          "guess": {
            "value": 2.28524
          },
          "max": {
            "value": 2.78
          },
          "sd_transf": {
            "value": 0.04
          },
          "prior": {
            "value": "normal"
          }
        }
      }
    },
    "r0_2": {
      "transformation": "log",
      "partition_id": "identical_population",
      "group": {
        "all": {
          "min": {
            "value": 2.05
          },
          "guess": {
            "value": 2.48567
          },
          "max": {
            "value": 2.78
          },
          "sd_transf": {
            "value": 0.04
          },
          "prior": {
            "value": "normal"
          }
        }
      }
    },
    "v": {
      "unit": "D",
      "type": "rate_as_duration",
      "transformation": "log",
      "partition_id": "identical_population",
      "group": {
        "all": {
          "min": {
            "value": 2.15
          },
          "guess": {
            "value": 2.173
          },
          "max": {
            "value": 2.81
          },
          "sd_transf": {
            "value": 0.04
          },
          "prior": {
            "value": "normal"
          }
        }
      }
    },
    "e": {
      "transformation": "logit",
      "partition_id": "identical_population",
      "group": {
        "all": {
          "min": {
            "value": 0.001
          },
          "guess": {
            "value": 0.0381752
          },
          "max": {
            "value": 0.3
          },
          "sd_transf": {
            "value": 0.2
          },
          "prior": {
            "value": "uniform"
          }
        }
      }
    },
    "d": {
      "transformation": "log",
      "partition_id": "identical_population",
      "group": {
        "all": {
          "min": {
            "value": 0.6
          },
          "guess": {
            "value": 0.802503
          },
          "max": {
            "value": 0.99
          },
          "sd_transf": {
            "value": 0.04
          },
          "prior": {
            "value": "uniform"
          }
        }
      }
    },
    "sigma": {
      "transformation": "logit",
      "partition_id": "identical_population",
      "group": {
        "all": {
          "min": {
            "value": 0.1
          },
          "guess": {
            "value": 0.590479
          },
          "max": {
            "value": 0.98
          },
          "sd_transf": {
            "value": 0.2
          },
          "prior": {
            "value": "uniform"
          }
        }
      }
    },
    "sto": {
      "transformation": "log",
      "partition_id": "identical_population",
      "group": {
        "all": {
          "min": {
            "value": 0
          },
          "guess": {
            "value": 0.205803
          },
          "max": {
            "value": 0.8
          },
          "sd_transf": {
            "value": 0.02
          },
          "prior": {
            "value": "uniform"
          }
        }
      }
    },
    "iota_1": {
      "transformation": "scale_pow10_bounded",
      "partition_id": "identical_population",
      "group": {
        "all": {
          "min": {
            "value": -3.5
          },
          "guess": {
            "value": 1.91012
          },
          "max": {
            "value": 4
          },
          "sd_transf": {
            "value": 0.04
          },
          "prior": {
            "value": "uniform"
          }
        }
      }
    },
    "iota_2": {
      "transformation": "scale_pow10_bounded",
      "partition_id": "identical_population",
      "group": {
        "all": {
          "min": {
            "value": -3.5
          },
          "guess": {
            "value": 2.06076
          },
          "max": {
            "value": 4
          },
          "sd_transf": {
            "value": 0.04
          },
          "prior": {
            "value": "uniform"
          }
        }
      }
    },
    "q": {
      "unit": "M",
      "type": "rate_as_duration",
      "transformation": "log",
      "partition_id": "identical_population",
      "group": {
        "all": {
          "min": {
            "value": 0.05
          },
          "guess": {
            "value": 4.9847
          },
          "max": {
            "value": 12
          },
          "sd_transf": {
            "value": 0.04
          },
          "prior": {
            "value": "uniform"
          }
        }
      }
    },
    "g": {
      "unit": "Y",
      "transformation": "log",
      "partition_id": "identical_population",
      "group": {
        "all": {
          "min": {
            "value": 0.0125
          },
          "guess": {
            "value": 0.0410748
          },
          "max": {
            "value": 1
          },
          "sd_transf": {
            "value": 0.04
          },
          "prior": {
            "value": "uniform"
          }
        }
      }
    },
    "rep": {
      "transformation": "logit",
      "partition_id": "variable_time_series",
      "group": {
        "EV71_JAP__IASR__inc": {
          "min": {
            "value": 0.05
          },
          "guess": {
            "value": 0.0381098
          },
          "max": {
            "value": 0.3
          },
          "sd_transf": {
            "value": 0.2
          },
          "prior": {
            "value": "normal"
          }
        },
        "CA16_JAP__IASR__inc": {
          "min": {
            "value": 0.05
          },
          "guess": {
            "value": 0.0438797
          },
          "max": {
            "value": 0.3
          },
          "sd_transf": {
            "value": 0.2
          },
          "prior": {
            "value": "normal"
          }
        }
      }
    }
  },
  "partition": {
    "variable_population": {
      "group": [
        {
          "id": "Japan__all",
          "population_id": [
            "Japan__all"
          ]
        }
      ]
    },
    "variable_time_series": {
      "group": [
        {
          "id": "EV71_JAP__IASR__inc",
          "time_series_id": [
            "EV71_JAP__IASR__inc"
          ]
        },
        {
          "id": "CA16_JAP__IASR__inc",
          "time_series_id": [
            "CA16_JAP__IASR__inc"
          ]
        }
      ]
    },
    "identical_population": {
      "group": [
        {
          "id": "all",
          "population_id": [
            "Japan__all"
          ]
        }
      ]
    },
    "identical_time_series": {
      "group": [
        {
          "id": "all",
          "time_series_id": [
            "EV71_JAP__IASR__inc",
            "CA16_JAP__IASR__inc"
          ]
        }
      ]
    }
  },
  "covariance": [
    [
      "SS:all",
      "IS:all",
      "SI:all",
      "RS:all",
      "SR:all",
      "IR:all",
      "RI:all",
      "SQ:all",
      "QS:all",
      "QR:all",
      "RQ:all",
      "r0_1:all",
      "r0_2:all",
      "v:all",
      "e:all",
      "d:all",
      "sigma:all",
      "sto:all",
      "iota_1:all",
      "iota_2:all",
      "q:all",
      "g:all",
      "rep:EV71_JAP__IASR__inc",
      "rep:CA16_JAP__IASR__inc"
    ],
    [
      0.287055,
      0.00323853,
      0.262953,
      -0.16065,
      -0.121052,
      0,
      0,
      0,
      0,
      0,
      0,
      -0.0942931,
      -0.0921663,
      -0.0527478,
      -0.0826502,
      0.170715,
      0.195124,
      -0.215533,
      -0.073857,
      -0.0819999,
      0.0264078,
      0.137305,
      0.050475,
      0.0302087
    ],
    [
      0.00323853,
      0.197537,
      0.146281,
      0.00381747,
      0.00172101,
      0,
      0,
      0,
      0,
      0,
      0,
      -0.00384306,
      -0.00349425,
      0.0168825,
      0.0229971,
      0.0113755,
      0.0368016,
      -0.0252242,
      -0.00262082,
      0.0102293,
      0.00559338,
      0.0202008,
      -0.00577695,
      -0.00758451
    ],
    [
      0.262953,
      0.146281,
      0.832949,
      -0.153575,
      -0.146107,
      0,
      0,
      0,
      0,
      0,
      0,
      -0.100176,
      -0.106858,
      -0.0131111,
      -0.0161165,
      0.21807,
      0.356329,
      -0.273462,
      -0.0764635,
      -0.075858,
      0.00385403,
      0.145389,
      0.0414648,
      0.0341799
    ],
    [
      -0.16065,
      0.00381747,
      -0.153575,
      0.0995634,
      0.0696762,
      0,
      0,
      0,
      0,
      0,
      0,
      0.0529667,
      0.0499849,
      0.028448,
      0.0456914,
      -0.0959387,
      -0.115744,
      0.121337,
      0.0405758,
      0.0459404,
      -0.0137545,
      -0.077959,
      -0.0285762,
      -0.0154773
    ],
    [
      -0.121052,
      0.00172101,
      -0.146107,
      0.0696762,
      0.0685535,
      0,
      0,
      0,
      0,
      0,
      0,
      0.0375242,
      0.0410178,
      0.0173758,
      0.0249537,
      -0.0738379,
      -0.0991847,
      0.0852603,
      0.026935,
      0.0335488,
      -0.0031665,
      -0.0537514,
      -0.0193875,
      -0.0175331
    ],
    [
      0,
      0,
      0,
      0,
      0,
      0,
      0,
      0,
      0,
      0,
      0,
      0,
      0,
      0,
      0,
      0,
      0,
      0,
      0,
      0,
      0,
      0,
      0,
      0
    ],
    [
      0,
      0,
      0,
      0,
      0,
      0,
      0,
      0,
      0,
      0,
      0,
      0,
      0,
      0,
      0,
      0,
      0,
      0,
      0,
      0,
      0,
      0,
      0,
      0
    ],
    [
      0,
      0,
      0,
      0,
      0,
      0,
      0,
      0,
      0,
      0,
      0,
      0,
      0,
      0,
      0,
      0,
      0,
      0,
      0,
      0,
      0,
      0,
      0,
      0
    ],
    [
      0,
      0,
      0,
      0,
      0,
      0,
      0,
      0,
      0,
      0,
      0,
      0,
      0,
      0,
      0,
      0,
      0,
      0,
      0,
      0,
      0,
      0,
      0,
      0
    ],
    [
      0,
      0,
      0,
      0,
      0,
      0,
      0,
      0,
      0,
      0,
      0,
      0,
      0,
      0,
      0,
      0,
      0,
      0,
      0,
      0,
      0,
      0,
      0,
      0
    ],
    [
      0,
      0,
      0,
      0,
      0,
      0,
      0,
      0,
      0,
      0,
      0,
      0,
      0,
      0,
      0,
      0,
      0,
      0,
      0,
      0,
      0,
      0,
      0,
      0
    ],
    [
      -0.0942931,
      -0.00384306,
      -0.100176,
      0.0529667,
      0.0375242,
      0,
      0,
      0,
      0,
      0,
      0,
      0.0347834,
      0.0332074,
      0.0175097,
      0.0273135,
      -0.0634804,
      -0.0829251,
      0.0788849,
      0.0269057,
      0.0292135,
      -0.00899721,
      -0.0486112,
      -0.017223,
      -0.00917339
    ],
    [
      -0.0921663,
      -0.00349425,
      -0.106858,
      0.0499849,
      0.0410178,
      0,
      0,
      0,
      0,
      0,
      0,
      0.0332074,
      0.0334155,
      0.0160391,
      0.0240183,
      -0.062421,
      -0.0834524,
      0.0753944,
      0.0253407,
      0.0282809,
      -0.00672347,
      -0.0458939,
      -0.0162215,
      -0.0108556
    ],
    [
      -0.0527478,
      0.0168825,
      -0.0131111,
      0.028448,
      0.0173758,
      0,
      0,
      0,
      0,
      0,
      0,
      0.0175097,
      0.0160391,
      0.0185005,
      0.027189,
      -0.0249497,
      -0.0204617,
      0.0377048,
      0.0156197,
      0.018252,
      -0.00982099,
      -0.0230415,
      -0.0110241,
      -0.005558
    ],
    [
      -0.0826502,
      0.0229971,
      -0.0161165,
      0.0456914,
      0.0249537,
      0,
      0,
      0,
      0,
      0,
      0,
      0.0273135,
      0.0240183,
      0.027189,
      0.0476196,
      -0.0402874,
      -0.0305623,
      0.0607016,
      0.0246122,
      0.0277911,
      -0.0165736,
      -0.0381462,
      -0.017008,
      -0.00666844
    ],
    [
      0.170715,
      0.0113755,
      0.21807,
      -0.0959387,
      -0.0738379,
      0,
      0,
      0,
      0,
      0,
      0,
      -0.0634804,
      -0.062421,
      -0.0249497,
      -0.0402874,
      0.132143,
      0.170159,
      -0.149173,
      -0.0492348,
      -0.0524334,
      0.00913343,
      0.0888887,
      0.0308142,
      0.0183572
    ],
    [
      0.195124,
      0.0368016,
      0.356329,
      -0.115744,
      -0.0991847,
      0,
      0,
      0,
      0,
      0,
      0,
      -0.0829251,
      -0.0834524,
      -0.0204617,
      -0.0305623,
      0.170159,
      0.2901,
      -0.19143,
      -0.0586631,
      -0.0641624,
      0.00454646,
      0.111894,
      0.0327766,
      0.0219328
    ],
    [
      -0.215533,
      -0.0252242,
      -0.273462,
      0.121337,
      0.0852603,
      0,
      0,
      0,
      0,
      0,
      0,
      0.0788849,
      0.0753944,
      0.0377048,
      0.0607016,
      -0.149173,
      -0.19143,
      0.195134,
      0.0649969,
      0.0661793,
      -0.0234451,
      -0.115391,
      -0.0386253,
      -0.0194866
    ],
    [
      -0.073857,
      -0.00262082,
      -0.0764635,
      0.0405758,
      0.026935,
      0,
      0,
      0,
      0,
      0,
      0,
      0.0269057,
      0.0253407,
      0.0156197,
      0.0246122,
      -0.0492348,
      -0.0586631,
      0.0649969,
      0.0240648,
      0.0230288,
      -0.00944518,
      -0.0381907,
      -0.0143718,
      -0.00667782
    ],
    [
      -0.0819999,
      0.0102293,
      -0.075858,
      0.0459404,
      0.0335488,
      0,
      0,
      0,
      0,
      0,
      0,
      0.0292135,
      0.0282809,
      0.018252,
      0.0277911,
      -0.0524334,
      -0.0641624,
      0.0661793,
      0.0230288,
      0.0288058,
      -0.00848248,
      -0.0398643,
      -0.0154,
      -0.00931636
    ],
    [
      0.0264078,
      0.00559338,
      0.00385403,
      -0.0137545,
      -0.0031665,
      0,
      0,
      0,
      0,
      0,
      0,
      -0.00899721,
      -0.00672347,
      -0.00982099,
      -0.0165736,
      0.00913343,
      0.00454646,
      -0.0234451,
      -0.00944518,
      -0.00848248,
      0.0130202,
      0.0149088,
      0.00489523,
      -0.000124591
    ],
    [
      0.137305,
      0.0202008,
      0.145389,
      -0.077959,
      -0.0537514,
      0,
      0,
      0,
      0,
      0,
      0,
      -0.0486112,
      -0.0458939,
      -0.0230415,
      -0.0381462,
      0.0888887,
      0.111894,
      -0.115391,
      -0.0381907,
      -0.0398643,
      0.0149088,
      0.0752875,
      0.0226422,
      0.0102217
    ],
    [
      0.050475,
      -0.00577695,
      0.0414648,
      -0.0285762,
      -0.0193875,
      0,
      0,
      0,
      0,
      0,
      0,
      -0.017223,
      -0.0162215,
      -0.0110241,
      -0.017008,
      0.0308142,
      0.0327766,
      -0.0386253,
      -0.0143718,
      -0.0154,
      0.00489523,
      0.0226422,
      0.0111792,
      0.00569586
    ],
    [
      0.0302087,
      -0.00758451,
      0.0341799,
      -0.0154773,
      -0.0175331,
      0,
      0,
      0,
      0,
      0,
      0,
      -0.00917339,
      -0.0108556,
      -0.005558,
      -0.00666844,
      0.0183572,
      0.0219328,
      -0.0194866,
      -0.00667782,
      -0.00931636,
      -0.000124591,
      0.0102217,
      0.00569586,
      0.00715756
    ]
  ]
}