{
  "name": "SIRS_SBRI HFMD Japan",
  "description": "...",
  "type": "theta",
  "parameter": {
    "SS": {
      "transformation": "logit",
      "partition_id": "identical_population",
      "group": {
        "all": {
          "min": {
            "value": 0
          },
          "guess": {
            "value": 0.278636
          },
          "max": {
            "value": 0.95
          },
          "sd_transf": {
            "value": 0.2
          },
          "prior": {
            "value": "uniform"
          }
        }
      }
    },
    "IS": {
      "transformation": "logit",
      "partition_id": "identical_population",
      "group": {
        "all": {
          "min": {
            "value": 0
          },
          "guess": {
            "value": 0.0000073773
          },
          "max": {
            "value": 0.01
          },
          "sd_transf": {
            "value": 0.2
          },
          "prior": {
            "value": "uniform"
          }
        }
      }
    },
    "SI": {
      "transformation": "logit",
      "partition_id": "identical_population",
      "group": {
        "all": {
          "min": {
            "value": 0
          },
          "guess": {
            "value": 6.39507e-13
          },
          "max": {
            "value": 0.01
          },
          "sd_transf": {
            "value": 0.2
          },
          "prior": {
            "value": "uniform"
          }
        }
      }
    },
    "RS": {
      "transformation": "logit",
      "partition_id": "identical_population",
      "group": {
        "all": {
          "min": {
            "value": 0
          },
          "guess": {
            "value": 0.141719
          },
          "max": {
            "value": 0.95
          },
          "sd_transf": {
            "value": 0.2
          },
          "prior": {
            "value": "uniform"
          }
        }
      }
    },
    "SR": {
      "transformation": "logit",
      "partition_id": "identical_population",
      "group": {
        "all": {
          "min": {
            "value": 0
          },
          "guess": {
            "value": 0.138156
          },
          "max": {
            "value": 0.95
          },
          "sd_transf": {
            "value": 0.2
          },
          "prior": {
            "value": "uniform"
          }
        }
      }
    },
    "IR": {
      "transformation": "logit",
      "partition_id": "identical_population",
      "group": {
        "all": {
          "min": {
            "value": 0
          },
          "guess": {
            "value": 9.5e-18
          },
          "max": {
            "value": 0.95
          },
          "sd_transf": {
            "value": 0
          },
          "prior": {
            "value": "uniform"
          }
        }
      }
    },
    "RI": {
      "transformation": "logit",
      "partition_id": "identical_population",
      "group": {
        "all": {
          "min": {
            "value": 0
          },
          "guess": {
            "value": 9.5e-18
          },
          "max": {
            "value": 0.95
          },
          "sd_transf": {
            "value": 0
          },
          "prior": {
            "value": "uniform"
          }
        }
      }
    },
    "r0_1": {
      "transformation": "log",
      "partition_id": "identical_population",
      "group": {
        "all": {
          "min": {
            "value": 2.05
          },
          "guess": {
            "value": 2.45096
          },
          "max": {
            "value": 2.78
          },
          "sd_transf": {
            "value": 0.04
          },
          "prior": {
            "value": "normal"
          }
        }
      }
    },
    "r0_2": {
      "transformation": "log",
      "partition_id": "identical_population",
      "group": {
        "all": {
          "min": {
            "value": 2.05
          },
          "guess": {
            "value": 2.45105
          },
          "max": {
            "value": 2.78
          },
          "sd_transf": {
            "value": 0.04
          },
          "prior": {
            "value": "normal"
          }
        }
      }
    },
    "v": {
      "unit": "D",
      "type": "rate_as_duration",
      "transformation": "log",
      "partition_id": "identical_population",
      "group": {
        "all": {
          "min": {
            "value": 2.15
          },
          "guess": {
            "value": 2.44865
          },
          "max": {
            "value": 2.81
          },
          "sd_transf": {
            "value": 0.04
          },
          "prior": {
            "value": "normal"
          }
        }
      }
    },
    "e": {
      "transformation": "logit",
      "partition_id": "identical_population",
      "group": {
        "all": {
          "min": {
            "value": 0.001
          },
          "guess": {
            "value": 0.045707
          },
          "max": {
            "value": 0.3
          },
          "sd_transf": {
            "value": 0.2
          },
          "prior": {
            "value": "uniform"
          }
        }
      }
    },
    "d": {
      "transformation": "log",
      "partition_id": "identical_population",
      "group": {
        "all": {
          "min": {
            "value": 0.6
          },
          "guess": {
            "value": 0.827046
          },
          "max": {
            "value": 0.99
          },
          "sd_transf": {
            "value": 0.04
          },
          "prior": {
            "value": "uniform"
          }
        }
      }
    },
    "sigma": {
      "transformation": "logit",
      "partition_id": "identical_population",
      "group": {
        "all": {
          "min": {
            "value": 0.1
          },
          "guess": {
            "value": 0.625961
          },
          "max": {
            "value": 0.98
          },
          "sd_transf": {
            "value": 0.2
          },
          "prior": {
            "value": "uniform"
          }
        }
      }
    },
    "sto": {
      "transformation": "log",
      "partition_id": "identical_population",
      "group": {
        "all": {
          "min": {
            "value": 0
          },
          "guess": {
            "value": 0.257956
          },
          "max": {
            "value": 0.8
          },
          "sd_transf": {
            "value": 0.02
          },
          "prior": {
            "value": "uniform"
          }
        }
      }
    },
    "iota_1": {
      "transformation": "scale_pow10_bounded",
      "partition_id": "identical_population",
      "group": {
        "all": {
          "min": {
            "value": -3.5
          },
          "guess": {
            "value": 1.90549
          },
          "max": {
            "value": 4
          },
          "sd_transf": {
            "value": 0.04
          },
          "prior": {
            "value": "uniform"
          }
        }
      }
    },
    "iota_2": {
      "transformation": "scale_pow10_bounded",
      "partition_id": "identical_population",
      "group": {
        "all": {
          "min": {
            "value": -3.5
          },
          "guess": {
            "value": 2.00241
          },
          "max": {
            "value": 4
          },
          "sd_transf": {
            "value": 0.04
          },
          "prior": {
            "value": "uniform"
          }
        }
      }
    },
    "g": {
      "unit": "Y",
      "transformation": "log",
      "partition_id": "identical_population",
      "group": {
        "all": {
          "min": {
            "value": 0.0125
          },
          "guess": {
            "value": 0.0314388
          },
          "max": {
            "value": 1
          },
          "sd_transf": {
            "value": 0.04
          },
          "prior": {
            "value": "uniform"
          }
        }
      }
    },
    "rep": {
      "transformation": "logit",
      "partition_id": "variable_time_series",
      "group": {
        "EV71_JAP__IASR__inc": {
          "min": {
            "value": 0.05
          },
          "guess": {
            "value": 0.0514571
          },
          "max": {
            "value": 0.3
          },
          "sd_transf": {
            "value": 0.2
          },
          "prior": {
            "value": "normal"
          }
        },
        "CA16_JAP__IASR__inc": {
          "min": {
            "value": 0.05
          },
          "guess": {
            "value": 0.0664548
          },
          "max": {
            "value": 0.3
          },
          "sd_transf": {
            "value": 0.2
          },
          "prior": {
            "value": "normal"
          }
        }
      }
    }
  },
  "partition": {
    "variable_population": {
      "group": [
        {
          "id": "Japan__all",
          "population_id": [
            "Japan__all"
          ]
        }
      ]
    },
    "variable_time_series": {
      "group": [
        {
          "id": "EV71_JAP__IASR__inc",
          "time_series_id": [
            "EV71_JAP__IASR__inc"
          ]
        },
        {
          "id": "CA16_JAP__IASR__inc",
          "time_series_id": [
            "CA16_JAP__IASR__inc"
          ]
        }
      ]
    },
    "identical_population": {
      "group": [
        {
          "id": "all",
          "population_id": [
            "Japan__all"
          ]
        }
      ]
    },
    "identical_time_series": {
      "group": [
        {
          "id": "all",
          "time_series_id": [
            "EV71_JAP__IASR__inc",
            "CA16_JAP__IASR__inc"
          ]
        }
      ]
    }
  },
  "covariance": [
    [
      "SS:all",
      "IS:all",
      "SI:all",
      "RS:all",
      "SR:all",
      "IR:all",
      "RI:all",
      "r0_1:all",
      "r0_2:all",
      "v:all",
      "e:all",
      "d:all",
      "sigma:all",
      "sto:all",
      "iota_1:all",
      "iota_2:all",
      "g:all",
      "rep:EV71_JAP__IASR__inc",
      "rep:CA16_JAP__IASR__inc"
    ],
    [
      0.12633,
      0.0667663,
      -0.186952,
      -0.0979599,
      -0.122278,
      0,
      0,
      -0.00515261,
      -0.00804653,
      0.00578881,
      0.00788432,
      0.0269079,
      0.0205965,
      0.00489688,
      0.00353521,
      0.00377384,
      0.0222613,
      -0.00640793,
      -0.00471151
    ],
    [
      0.0667663,
      0.237056,
      0.043344,
      -0.0205716,
      -0.0809859,
      0,
      0,
      0.000977001,
      -0.0168334,
      0.0114542,
      0.0218278,
      0.0258736,
      0.0921297,
      0.0150732,
      0.00693854,
      0.003,
      -0.029669,
      -0.00734178,
      0.0159433
    ],
    [
      -0.186952,
      0.043344,
      5.1298,
      0.355219,
      0.160925,
      0,
      0,
      0.0159414,
      -0.0573695,
      0.0687188,
      0.114949,
      0.108087,
      0.561897,
      0.227916,
      0.0493317,
      0.0345941,
      -0.331897,
      -0.0117482,
      0.0908918
    ],
    [
      -0.0979599,
      -0.0205716,
      0.355219,
      0.118729,
      0.101884,
      0,
      0,
      0.00267341,
      -0.0081051,
      -0.00184462,
      0.0022312,
      -0.0141761,
      0.0358923,
      0.00770264,
      0.00026851,
      -0.00390193,
      -0.0492012,
      0.00473455,
      0.0213598
    ],
    [
      -0.122278,
      -0.0809859,
      0.160925,
      0.101884,
      0.142995,
      0,
      0,
      -0.000522744,
      0.00694535,
      -0.00662,
      -0.010109,
      -0.0298237,
      -0.0300556,
      -0.00110849,
      -0.00143232,
      -0.00209698,
      -0.0111746,
      0.00758617,
      0.000297006
    ],
    [
      0,
      0,
      0,
      0,
      0,
      0,
      0,
      0,
      0,
      0,
      0,
      0,
      0,
      0,
      0,
      0,
      0,
      0,
      0
    ],
    [
      0,
      0,
      0,
      0,
      0,
      0,
      0,
      0,
      0,
      0,
      0,
      0,
      0,
      0,
      0,
      0,
      0,
      0,
      0
    ],
    [
      -0.00515261,
      0.000977001,
      0.0159414,
      0.00267341,
      -0.000522744,
      0,
      0,
      0.00210342,
      0.000888223,
      0.000358595,
      0.000707632,
      -0.000608438,
      0.000811748,
      -0.0011582,
      -0.0000480686,
      -0.000396939,
      -0.00280287,
      -0.000740408,
      0.00115975
    ],
    [
      -0.00804653,
      -0.0168334,
      -0.0573695,
      -0.0081051,
      0.00694535,
      0,
      0,
      0.000888223,
      0.00599739,
      -0.00103695,
      -0.00332834,
      -0.00459811,
      -0.0202834,
      -0.00434479,
      -0.000651726,
      0.000366478,
      0.0111041,
      0.000209951,
      -0.00694375
    ],
    [
      0.00578881,
      0.0114542,
      0.0687188,
      -0.00184462,
      -0.00662,
      0,
      0,
      0.000358595,
      -0.00103695,
      0.00486846,
      0.00624129,
      0.00568148,
      0.00780226,
      0.00675335,
      0.00287749,
      0.00222509,
      0.000523021,
      -0.00228543,
      0.0000308917
    ],
    [
      0.00788432,
      0.0218278,
      0.114949,
      0.0022312,
      -0.010109,
      0,
      0,
      0.000707632,
      -0.00332834,
      0.00624129,
      0.0151569,
      0.00797842,
      0.0218144,
      0.00932316,
      0.00333185,
      0.00231267,
      -0.00599445,
      -0.00308726,
      0.00315298
    ],
    [
      0.0269079,
      0.0258736,
      0.108087,
      -0.0141761,
      -0.0298237,
      0,
      0,
      -0.000608438,
      -0.00459811,
      0.00568148,
      0.00797842,
      0.0229011,
      0.0150016,
      0.0143581,
      0.00171849,
      0.00283211,
      -0.011678,
      0.00045016,
      0.00572678
    ],
    [
      0.0205965,
      0.0921297,
      0.561897,
      0.0358923,
      -0.0300556,
      0,
      0,
      0.000811748,
      -0.0202834,
      0.00780226,
      0.0218144,
      0.0150016,
      0.254854,
      0.0129204,
      0.00230744,
      0.00222531,
      -0.0898783,
      -0.00541429,
      0.0112758
    ],
    [
      0.00489688,
      0.0150732,
      0.227916,
      0.00770264,
      -0.00110849,
      0,
      0,
      -0.0011582,
      -0.00434479,
      0.00675335,
      0.00932316,
      0.0143581,
      0.0129204,
      0.0216457,
      0.00469758,
      0.00442455,
      -0.00857857,
      -0.00124819,
      0.00458245
    ],
    [
      0.00353521,
      0.00693854,
      0.0493317,
      0.00026851,
      -0.00143232,
      0,
      0,
      -0.0000480686,
      -0.000651726,
      0.00287749,
      0.00333185,
      0.00171849,
      0.00230744,
      0.00469758,
      0.00418529,
      0.00150614,
      0.00484171,
      -0.00299261,
      -0.000979933
    ],
    [
      0.00377384,
      0.003,
      0.0345941,
      -0.00390193,
      -0.00209698,
      0,
      0,
      -0.000396939,
      0.000366478,
      0.00222509,
      0.00231267,
      0.00283211,
      0.00222531,
      0.00442455,
      0.00150614,
      0.00409737,
      0.00217071,
      -0.000737113,
      -0.00244315
    ],
    [
      0.0222613,
      -0.029669,
      -0.331897,
      -0.0492012,
      -0.0111746,
      0,
      0,
      -0.00280287,
      0.0111041,
      0.000523021,
      -0.00599445,
      -0.011678,
      -0.0898783,
      -0.00857857,
      0.00484171,
      0.00217071,
      0.0838838,
      -0.0107883,
      -0.0268351
    ],
    [
      -0.00640793,
      -0.00734178,
      -0.0117482,
      0.00473455,
      0.00758617,
      0,
      0,
      -0.000740408,
      0.000209951,
      -0.00228543,
      -0.00308726,
      0.00045016,
      -0.00541429,
      -0.00124819,
      -0.00299261,
      -0.000737113,
      -0.0107883,
      0.00612384,
      0.00296634
    ],
    [
      -0.00471151,
      0.0159433,
      0.0908918,
      0.0213598,
      0.000297006,
      0,
      0,
      0.00115975,
      -0.00694375,
      0.0000308917,
      0.00315298,
      0.00572678,
      0.0112758,
      0.00458245,
      -0.000979933,
      -0.00244315,
      -0.0268351,
      0.00296634,
      0.0179785
    ]
  ]
}