{
  "name": "SIRI_HBRS HFMD Japan",
  "description": "...",
  "type": "theta",
  "parameter": {
    "SS": {
      "transformation": "logit",
      "partition_id": "identical_population",
      "group": {
        "all": {
          "min": {
            "value": 0
          },
          "guess": {
            "value": 0.06733
          },
          "max": {
            "value": 0.95
          },
          "sd_transf": {
            "value": 0.2
          },
          "prior": {
            "value": "uniform"
          }
        }
      }
    },
    "IS": {
      "transformation": "logit",
      "partition_id": "identical_population",
      "group": {
        "all": {
          "min": {
            "value": 0
          },
          "guess": {
            "value": 0.00000313068
          },
          "max": {
            "value": 0.01
          },
          "sd_transf": {
            "value": 0.2
          },
          "prior": {
            "value": "uniform"
          }
        }
      }
    },
    "SI": {
      "transformation": "logit",
      "partition_id": "identical_population",
      "group": {
        "all": {
          "min": {
            "value": 0
          },
          "guess": {
            "value": 6.94131e-18
          },
          "max": {
            "value": 0.01
          },
          "sd_transf": {
            "value": 0.2
          },
          "prior": {
            "value": "uniform"
          }
        }
      }
    },
    "RS": {
      "transformation": "logit",
      "partition_id": "identical_population",
      "group": {
        "all": {
          "min": {
            "value": 0
          },
          "guess": {
            "value": 0.449693
          },
          "max": {
            "value": 0.95
          },
          "sd_transf": {
            "value": 0.2
          },
          "prior": {
            "value": "uniform"
          }
        }
      }
    },
    "SR": {
      "transformation": "logit",
      "partition_id": "identical_population",
      "group": {
        "all": {
          "min": {
            "value": 0
          },
          "guess": {
            "value": 0.293974
          },
          "max": {
            "value": 0.95
          },
          "sd_transf": {
            "value": 0.2
          },
          "prior": {
            "value": "uniform"
          }
        }
      }
    },
    "IR": {
      "transformation": "logit",
      "partition_id": "identical_population",
      "group": {
        "all": {
          "min": {
            "value": 0
          },
          "guess": {
            "value": 9.5e-18
          },
          "max": {
            "value": 0.95
          },
          "sd_transf": {
            "value": 0
          },
          "prior": {
            "value": "uniform"
          }
        }
      }
    },
    "RI": {
      "transformation": "logit",
      "partition_id": "identical_population",
      "group": {
        "all": {
          "min": {
            "value": 0
          },
          "guess": {
            "value": 9.5e-18
          },
          "max": {
            "value": 0.95
          },
          "sd_transf": {
            "value": 0
          },
          "prior": {
            "value": "uniform"
          }
        }
      }
    },
    "r0_1": {
      "transformation": "log",
      "partition_id": "identical_population",
      "group": {
        "all": {
          "min": {
            "value": 2.05
          },
          "guess": {
            "value": 3.14667
          },
          "max": {
            "value": 2.78
          },
          "sd_transf": {
            "value": 0.04
          },
          "prior": {
            "value": "normal"
          }
        }
      }
    },
    "r0_2": {
      "transformation": "log",
      "partition_id": "identical_population",
      "group": {
        "all": {
          "min": {
            "value": 2.05
          },
          "guess": {
            "value": 2.33384
          },
          "max": {
            "value": 2.78
          },
          "sd_transf": {
            "value": 0.04
          },
          "prior": {
            "value": "normal"
          }
        }
      }
    },
    "v": {
      "unit": "D",
      "type": "rate_as_duration",
      "transformation": "log",
      "partition_id": "identical_population",
      "group": {
        "all": {
          "min": {
            "value": 2.15
          },
          "guess": {
            "value": 2.07238
          },
          "max": {
            "value": 2.81
          },
          "sd_transf": {
            "value": 0.04
          },
          "prior": {
            "value": "normal"
          }
        }
      }
    },
    "e": {
      "transformation": "logit",
      "partition_id": "identical_population",
      "group": {
        "all": {
          "min": {
            "value": 0.001
          },
          "guess": {
            "value": 0.0453542
          },
          "max": {
            "value": 0.3
          },
          "sd_transf": {
            "value": 0.2
          },
          "prior": {
            "value": "uniform"
          }
        }
      }
    },
    "d": {
      "transformation": "log",
      "partition_id": "identical_population",
      "group": {
        "all": {
          "min": {
            "value": 0.6
          },
          "guess": {
            "value": 0.87681
          },
          "max": {
            "value": 0.99
          },
          "sd_transf": {
            "value": 0.04
          },
          "prior": {
            "value": "uniform"
          }
        }
      }
    },
    "sigma": {
      "transformation": "logit",
      "partition_id": "identical_population",
      "group": {
        "all": {
          "min": {
            "value": 0.1
          },
          "guess": {
            "value": 0.796889
          },
          "max": {
            "value": 0.98
          },
          "sd_transf": {
            "value": 0.2
          },
          "prior": {
            "value": "uniform"
          }
        }
      }
    },
    "sto": {
      "transformation": "log",
      "partition_id": "identical_population",
      "group": {
        "all": {
          "min": {
            "value": 0
          },
          "guess": {
            "value": 0.254256
          },
          "max": {
            "value": 0.8
          },
          "sd_transf": {
            "value": 0.02
          },
          "prior": {
            "value": "uniform"
          }
        }
      }
    },
    "iota_1": {
      "transformation": "scale_pow10_bounded",
      "partition_id": "identical_population",
      "group": {
        "all": {
          "min": {
            "value": -3.5
          },
          "guess": {
            "value": 1.43853
          },
          "max": {
            "value": 4
          },
          "sd_transf": {
            "value": 0.04
          },
          "prior": {
            "value": "uniform"
          }
        }
      }
    },
    "iota_2": {
      "transformation": "scale_pow10_bounded",
      "partition_id": "identical_population",
      "group": {
        "all": {
          "min": {
            "value": -3.5
          },
          "guess": {
            "value": 1.39463
          },
          "max": {
            "value": 4
          },
          "sd_transf": {
            "value": 0.04
          },
          "prior": {
            "value": "uniform"
          }
        }
      }
    },
    "z": {
      "transformation": "logit",
      "partition_id": "identical_population",
      "group": {
        "all": {
          "min": {
            "value": 0
          },
          "guess": {
            "value": 0.0285429
          },
          "max": {
            "value": 0.95
          },
          "sd_transf": {
            "value": 0.2
          },
          "prior": {
            "value": "uniform"
          }
        }
      }
    },
    "rep": {
      "transformation": "logit",
      "partition_id": "variable_time_series",
      "group": {
        "EV71_JAP__IASR__inc": {
          "min": {
            "value": 0.05
          },
          "guess": {
            "value": 0.119318
          },
          "max": {
            "value": 0.3
          },
          "sd_transf": {
            "value": 0.2
          },
          "prior": {
            "value": "normal"
          }
        },
        "CA16_JAP__IASR__inc": {
          "min": {
            "value": 0.05
          },
          "guess": {
            "value": 0.169873
          },
          "max": {
            "value": 0.3
          },
          "sd_transf": {
            "value": 0.2
          },
          "prior": {
            "value": "normal"
          }
        }
      }
    }
  },
  "partition": {
    "variable_population": {
      "group": [
        {
          "id": "Japan__all",
          "population_id": [
            "Japan__all"
          ]
        }
      ]
    },
    "variable_time_series": {
      "group": [
        {
          "id": "EV71_JAP__IASR__inc",
          "time_series_id": [
            "EV71_JAP__IASR__inc"
          ]
        },
        {
          "id": "CA16_JAP__IASR__inc",
          "time_series_id": [
            "CA16_JAP__IASR__inc"
          ]
        }
      ]
    },
    "identical_population": {
      "group": [
        {
          "id": "all",
          "population_id": [
            "Japan__all"
          ]
        }
      ]
    },
    "identical_time_series": {
      "group": [
        {
          "id": "all",
          "time_series_id": [
            "EV71_JAP__IASR__inc",
            "CA16_JAP__IASR__inc"
          ]
        }
      ]
    }
  },
  "covariance": [
    [
      "SS:all",
      "IS:all",
      "SI:all",
      "RS:all",
      "SR:all",
      "IR:all",
      "RI:all",
      "r0_1:all",
      "r0_2:all",
      "v:all",
      "e:all",
      "d:all",
      "sigma:all",
      "sto:all",
      "iota_1:all",
      "iota_2:all",
      "z:all",
      "rep:EV71_JAP__IASR__inc",
      "rep:CA16_JAP__IASR__inc"
    ],
    [
      0.153114,
      0.061454,
      -0.315187,
      -0.212325,
      -0.198225,
      0,
      0,
      -0.0117115,
      0.00530335,
      0.00530209,
      0.00850483,
      0.0124778,
      0.275997,
      0.005807,
      -0.00308468,
      -0.0130333,
      -0.145909,
      0.0242376,
      0.0186544
    ],
    [
      0.061454,
      0.228211,
      0.0481957,
      -0.132503,
      -0.111072,
      0,
      0,
      -0.00667558,
      0.00875758,
      0.00892748,
      0.0152496,
      0.044967,
      -0.0177579,
      0.00123821,
      -0.000194269,
      -0.0158051,
      -0.0203074,
      0.0103556,
      0.0144234
    ],
    [
      -0.315187,
      0.0481957,
      2.50379,
      0.322485,
      0.537338,
      0,
      0,
      -0.0153296,
      0.00536318,
      0.0132928,
      0.0126137,
      0.104566,
      -1.07934,
      0.0514155,
      0.0221809,
      0.0329266,
      1.01606,
      -0.0720105,
      -0.0678776
    ],
    [
      -0.212325,
      -0.132503,
      0.322485,
      0.370175,
      0.2708,
      0,
      0,
      0.0212977,
      -0.0221152,
      -0.013301,
      -0.020188,
      -0.0395256,
      -0.438049,
      -0.00966017,
      0.00202791,
      0.0262683,
      0.223952,
      -0.0354782,
      -0.0286975
    ],
    [
      -0.198225,
      -0.111072,
      0.537338,
      0.2708,
      0.321786,
      0,
      0,
      0.00415247,
      -0.00412037,
      -0.00521654,
      -0.010165,
      -0.0174822,
      -0.307794,
      -0.00304509,
      0.00479317,
      0.0208574,
      0.206531,
      -0.0267987,
      -0.0293073
    ],
    [
      0,
      0,
      0,
      0,
      0,
      0,
      0,
      0,
      0,
      0,
      0,
      0,
      0,
      0,
      0,
      0,
      0,
      0,
      0
    ],
    [
      0,
      0,
      0,
      0,
      0,
      0,
      0,
      0,
      0,
      0,
      0,
      0,
      0,
      0,
      0,
      0,
      0,
      0,
      0
    ],
    [
      -0.0117115,
      -0.00667558,
      -0.0153296,
      0.0212977,
      0.00415247,
      0,
      0,
      0.0038909,
      -0.00106943,
      -0.00106578,
      -0.00149488,
      -0.00373581,
      -0.0281623,
      -0.00199387,
      0.0000279179,
      0.00124157,
      0.00420079,
      -0.0031178,
      -0.000964958
    ],
    [
      0.00530335,
      0.00875758,
      0.00536318,
      -0.0221152,
      -0.00412037,
      0,
      0,
      -0.00106943,
      0.00397112,
      0.00164298,
      0.00211841,
      0.00401293,
      0.0204932,
      -0.000367953,
      0.000302686,
      -0.00182798,
      -0.0151602,
      0.00167394,
      0.000759507
    ],
    [
      0.00530209,
      0.00892748,
      0.0132928,
      -0.013301,
      -0.00521654,
      0,
      0,
      -0.00106578,
      0.00164298,
      0.00299111,
      0.00383114,
      0.00385576,
      0.00425821,
      0.00114714,
      0.000937602,
      -0.0010217,
      -0.000097962,
      0.000885376,
      0.000366511
    ],
    [
      0.00850483,
      0.0152496,
      0.0126137,
      -0.020188,
      -0.010165,
      0,
      0,
      -0.00149488,
      0.00211841,
      0.00383114,
      0.0108931,
      0.00759788,
      0.00683462,
      0.00128755,
      0.00116512,
      -0.00199343,
      -0.00486407,
      0.00161924,
      0.00106083
    ],
    [
      0.0124778,
      0.044967,
      0.104566,
      -0.0395256,
      -0.0174822,
      0,
      0,
      -0.00373581,
      0.00401293,
      0.00385576,
      0.00759788,
      0.033658,
      -0.0262334,
      0.00181168,
      -0.0000216902,
      -0.00513087,
      0.00741767,
      0.0015212,
      0.00301804
    ],
    [
      0.275997,
      -0.0177579,
      -1.07934,
      -0.438049,
      -0.307794,
      0,
      0,
      -0.0281623,
      0.0204932,
      0.00425821,
      0.00683462,
      -0.0262334,
      1.38057,
      0.00144835,
      -0.006806,
      -0.0258425,
      -0.526813,
      0.0597005,
      0.0317592
    ],
    [
      0.005807,
      0.00123821,
      0.0514155,
      -0.00966017,
      -0.00304509,
      0,
      0,
      -0.00199387,
      -0.000367953,
      0.00114714,
      0.00128755,
      0.00181168,
      0.00144835,
      0.00656984,
      0.00160906,
      0.0000449444,
      0.0325477,
      -0.00132556,
      -0.0012418
    ],
    [
      -0.00308468,
      -0.000194269,
      0.0221809,
      0.00202791,
      0.00479317,
      0,
      0,
      0.0000279179,
      0.000302686,
      0.000937602,
      0.00116512,
      -0.0000216902,
      -0.006806,
      0.00160906,
      0.00210523,
      0.000339894,
      0.00882082,
      -0.00215745,
      -0.000727632
    ],
    [
      -0.0130333,
      -0.0158051,
      0.0329266,
      0.0262683,
      0.0208574,
      0,
      0,
      0.00124157,
      -0.00182798,
      -0.0010217,
      -0.00199343,
      -0.00513087,
      -0.0258425,
      0.0000449444,
      0.000339894,
      0.00513525,
      0.0253349,
      -0.00278149,
      -0.00439121
    ],
    [
      -0.145909,
      -0.0203074,
      1.01606,
      0.223952,
      0.206531,
      0,
      0,
      0.00420079,
      -0.0151602,
      -0.000097962,
      -0.00486407,
      0.00741767,
      -0.526813,
      0.0325477,
      0.00882082,
      0.0253349,
      0.73546,
      -0.0475801,
      -0.0419494
    ],
    [
      0.0242376,
      0.0103556,
      -0.0720105,
      -0.0354782,
      -0.0267987,
      0,
      0,
      -0.0031178,
      0.00167394,
      0.000885376,
      0.00161924,
      0.0015212,
      0.0597005,
      -0.00132556,
      -0.00215745,
      -0.00278149,
      -0.0475801,
      0.0117047,
      0.00364827
    ],
    [
      0.0186544,
      0.0144234,
      -0.0678776,
      -0.0286975,
      -0.0293073,
      0,
      0,
      -0.000964958,
      0.000759507,
      0.000366511,
      0.00106083,
      0.00301804,
      0.0317592,
      -0.0012418,
      -0.000727632,
      -0.00439121,
      -0.0419494,
      0.00364827,
      0.0115959
    ]
  ]
}