{
  "name": "SIQR_HBRS HFMD Japan",
  "description": "...",
  "type": "theta",
  "parameter": {
    "SS": {
      "transformation": "logit",
      "partition_id": "identical_population",
      "group": {
        "all": {
          "min": {
            "value": 0
          },
          "guess": {
            "value": 0.413241
          },
          "max": {
            "value": 0.95
          },
          "sd_transf": {
            "value": 0.2
          },
          "prior": {
            "value": "uniform"
          }
        }
      }
    },
    "IS": {
      "transformation": "logit",
      "partition_id": "identical_population",
      "group": {
        "all": {
          "min": {
            "value": 0
          },
          "guess": {
            "value": 3.55411e-7
          },
          "max": {
            "value": 0.01
          },
          "sd_transf": {
            "value": 0.2
          },
          "prior": {
            "value": "uniform"
          }
        }
      }
    },
    "SI": {
      "transformation": "logit",
      "partition_id": "identical_population",
      "group": {
        "all": {
          "min": {
            "value": 0
          },
          "guess": {
            "value": 1.01263e-19
          },
          "max": {
            "value": 0.01
          },
          "sd_transf": {
            "value": 0.2
          },
          "prior": {
            "value": "uniform"
          }
        }
      }
    },
    "RS": {
      "transformation": "logit",
      "partition_id": "identical_population",
      "group": {
        "all": {
          "min": {
            "value": 0
          },
          "guess": {
            "value": 0.000434092
          },
          "max": {
            "value": 0.95
          },
          "sd_transf": {
            "value": 0.2
          },
          "prior": {
            "value": "uniform"
          }
        }
      }
    },
    "SR": {
      "transformation": "logit",
      "partition_id": "identical_population",
      "group": {
        "all": {
          "min": {
            "value": 0
          },
          "guess": {
            "value": 0.000592861
          },
          "max": {
            "value": 0.95
          },
          "sd_transf": {
            "value": 0.2
          },
          "prior": {
            "value": "uniform"
          }
        }
      }
    },
    "IR": {
      "transformation": "logit",
      "partition_id": "identical_population",
      "group": {
        "all": {
          "min": {
            "value": 0
          },
          "guess": {
            "value": 9.5e-18
          },
          "max": {
            "value": 0.95
          },
          "sd_transf": {
            "value": 0
          },
          "prior": {
            "value": "uniform"
          }
        }
      }
    },
    "RI": {
      "transformation": "logit",
      "partition_id": "identical_population",
      "group": {
        "all": {
          "min": {
            "value": 0
          },
          "guess": {
            "value": 9.5e-18
          },
          "max": {
            "value": 0.95
          },
          "sd_transf": {
            "value": 0
          },
          "prior": {
            "value": "uniform"
          }
        }
      }
    },
    "SQ": {
      "transformation": "logit",
      "partition_id": "identical_population",
      "group": {
        "all": {
          "min": {
            "value": 0
          },
          "guess": {
            "value": 9.5e-18
          },
          "max": {
            "value": 0.95
          },
          "sd_transf": {
            "value": 0
          },
          "prior": {
            "value": "uniform"
          }
        }
      }
    },
    "QS": {
      "transformation": "logit",
      "partition_id": "identical_population",
      "group": {
        "all": {
          "min": {
            "value": 0
          },
          "guess": {
            "value": 9.5e-18
          },
          "max": {
            "value": 0.95
          },
          "sd_transf": {
            "value": 0
          },
          "prior": {
            "value": "uniform"
          }
        }
      }
    },
    "QR": {
      "transformation": "logit",
      "partition_id": "identical_population",
      "group": {
        "all": {
          "min": {
            "value": 0
          },
          "guess": {
            "value": 9.5e-18
          },
          "max": {
            "value": 0.95
          },
          "sd_transf": {
            "value": 0
          },
          "prior": {
            "value": "uniform"
          }
        }
      }
    },
    "RQ": {
      "transformation": "logit",
      "partition_id": "identical_population",
      "group": {
        "all": {
          "min": {
            "value": 0
          },
          "guess": {
            "value": 9.5e-18
          },
          "max": {
            "value": 0.95
          },
          "sd_transf": {
            "value": 0
          },
          "prior": {
            "value": "uniform"
          }
        }
      }
    },
    "r0_1": {
      "transformation": "log",
      "partition_id": "identical_population",
      "group": {
        "all": {
          "min": {
            "value": 2.05
          },
          "guess": {
            "value": 2.44104
          },
          "max": {
            "value": 2.78
          },
          "sd_transf": {
            "value": 0.04
          },
          "prior": {
            "value": "normal"
          }
        }
      }
    },
    "r0_2": {
      "transformation": "log",
      "partition_id": "identical_population",
      "group": {
        "all": {
          "min": {
            "value": 2.05
          },
          "guess": {
            "value": 2.44106
          },
          "max": {
            "value": 2.78
          },
          "sd_transf": {
            "value": 0.04
          },
          "prior": {
            "value": "normal"
          }
        }
      }
    },
    "v": {
      "unit": "D",
      "type": "rate_as_duration",
      "transformation": "log",
      "partition_id": "identical_population",
      "group": {
        "all": {
          "min": {
            "value": 2.15
          },
          "guess": {
            "value": 0.594771
          },
          "max": {
            "value": 2.81
          },
          "sd_transf": {
            "value": 0.04
          },
          "prior": {
            "value": "normal"
          }
        }
      }
    },
    "e": {
      "transformation": "logit",
      "partition_id": "identical_population",
      "group": {
        "all": {
          "min": {
            "value": 0.001
          },
          "guess": {
            "value": 0.010673
          },
          "max": {
            "value": 0.3
          },
          "sd_transf": {
            "value": 0.2
          },
          "prior": {
            "value": "uniform"
          }
        }
      }
    },
    "d": {
      "transformation": "log",
      "partition_id": "identical_population",
      "group": {
        "all": {
          "min": {
            "value": 0.6
          },
          "guess": {
            "value": 0.791399
          },
          "max": {
            "value": 0.99
          },
          "sd_transf": {
            "value": 0.04
          },
          "prior": {
            "value": "uniform"
          }
        }
      }
    },
    "sigma": {
      "transformation": "logit",
      "partition_id": "identical_population",
      "group": {
        "all": {
          "min": {
            "value": 0.1
          },
          "guess": {
            "value": 0.971356
          },
          "max": {
            "value": 0.98
          },
          "sd_transf": {
            "value": 0.2
          },
          "prior": {
            "value": "uniform"
          }
        }
      }
    },
    "sto": {
      "transformation": "log",
      "partition_id": "identical_population",
      "group": {
        "all": {
          "min": {
            "value": 0
          },
          "guess": {
            "value": 0.0602851
          },
          "max": {
            "value": 0.8
          },
          "sd_transf": {
            "value": 0.02
          },
          "prior": {
            "value": "uniform"
          }
        }
      }
    },
    "iota_1": {
      "transformation": "scale_pow10_bounded",
      "partition_id": "identical_population",
      "group": {
        "all": {
          "min": {
            "value": -3.5
          },
          "guess": {
            "value": 0.122766
          },
          "max": {
            "value": 4
          },
          "sd_transf": {
            "value": 0.04
          },
          "prior": {
            "value": "uniform"
          }
        }
      }
    },
    "iota_2": {
      "transformation": "scale_pow10_bounded",
      "partition_id": "identical_population",
      "group": {
        "all": {
          "min": {
            "value": -3.5
          },
          "guess": {
            "value": 0.395102
          },
          "max": {
            "value": 4
          },
          "sd_transf": {
            "value": 0.04
          },
          "prior": {
            "value": "uniform"
          }
        }
      }
    },
    "q": {
      "unit": "M",
      "type": "rate_as_duration",
      "transformation": "log",
      "partition_id": "identical_population",
      "group": {
        "all": {
          "min": {
            "value": 0.05
          },
          "guess": {
            "value": 5.90086
          },
          "max": {
            "value": 12
          },
          "sd_transf": {
            "value": 0.04
          },
          "prior": {
            "value": "uniform"
          }
        }
      }
    },
    "rep": {
      "transformation": "logit",
      "partition_id": "variable_time_series",
      "group": {
        "EV71_JAP__IASR__inc": {
          "min": {
            "value": 0.05
          },
          "guess": {
            "value": 0.182112
          },
          "max": {
            "value": 0.3
          },
          "sd_transf": {
            "value": 0.2
          },
          "prior": {
            "value": "normal"
          }
        },
        "CA16_JAP__IASR__inc": {
          "min": {
            "value": 0.05
          },
          "guess": {
            "value": 0.226086
          },
          "max": {
            "value": 0.3
          },
          "sd_transf": {
            "value": 0.2
          },
          "prior": {
            "value": "normal"
          }
        }
      }
    }
  },
  "partition": {
    "variable_population": {
      "group": [
        {
          "id": "Japan__all",
          "population_id": [
            "Japan__all"
          ]
        }
      ]
    },
    "variable_time_series": {
      "group": [
        {
          "id": "EV71_JAP__IASR__inc",
          "time_series_id": [
            "EV71_JAP__IASR__inc"
          ]
        },
        {
          "id": "CA16_JAP__IASR__inc",
          "time_series_id": [
            "CA16_JAP__IASR__inc"
          ]
        }
      ]
    },
    "identical_population": {
      "group": [
        {
          "id": "all",
          "population_id": [
            "Japan__all"
          ]
        }
      ]
    },
    "identical_time_series": {
      "group": [
        {
          "id": "all",
          "time_series_id": [
            "EV71_JAP__IASR__inc",
            "CA16_JAP__IASR__inc"
          ]
        }
      ]
    }
  },
  "covariance": [
    [
      "SS:all",
      "IS:all",
      "SI:all",
      "RS:all",
      "SR:all",
      "IR:all",
      "RI:all",
      "SQ:all",
      "QS:all",
      "QR:all",
      "RQ:all",
      "r0_1:all",
      "r0_2:all",
      "v:all",
      "e:all",
      "d:all",
      "sigma:all",
      "sto:all",
      "iota_1:all",
      "iota_2:all",
      "q:all",
      "rep:EV71_JAP__IASR__inc",
      "rep:CA16_JAP__IASR__inc"
    ],
    [
      0.00554437,
      -0.0112179,
      -0.0444385,
      0.026629,
      0.0248762,
      0,
      0,
      0,
      0,
      0,
      0,
      -0.00316977,
      -0.00321272,
      -0.00132043,
      -0.00169025,
      -0.00181057,
      -0.0484419,
      -0.00272701,
      -0.0016714,
      -0.000315082,
      0.00153794,
      0.00263463,
      0.00272983
    ],
    [
      -0.0112179,
      0.136698,
      0.0185424,
      -0.0571968,
      0.0229994,
      0,
      0,
      0,
      0,
      0,
      0,
      0.00633081,
      0.00652569,
      0.00078406,
      -0.00166701,
      0.0017918,
      0.0454595,
      -0.000864167,
      0.000536253,
      -0.00351289,
      -0.00180279,
      -0.0035948,
      -0.00472457
    ],
    [
      -0.0444385,
      0.0185424,
      0.636332,
      -0.247854,
      -0.382564,
      0,
      0,
      0,
      0,
      0,
      0,
      0.0255274,
      0.0257056,
      0.0214435,
      0.0285359,
      0.024933,
      0.59966,
      0.0379304,
      0.02087,
      0.0120963,
      -0.0354324,
      -0.023938,
      -0.0241869
    ],
    [
      0.026629,
      -0.0571968,
      -0.247854,
      0.17671,
      0.155445,
      0,
      0,
      0,
      0,
      0,
      0,
      -0.0152313,
      -0.0155037,
      -0.0070863,
      -0.00863678,
      -0.00784374,
      -0.265263,
      -0.0145405,
      -0.0100157,
      -0.001795,
      0.00701532,
      0.0134107,
      0.0136256
    ],
    [
      0.0248762,
      0.0229994,
      -0.382564,
      0.155445,
      0.34281,
      0,
      0,
      0,
      0,
      0,
      0,
      -0.01449,
      -0.0144236,
      -0.0140289,
      -0.0192505,
      -0.0168988,
      -0.411311,
      -0.0251504,
      -0.0121365,
      -0.00944533,
      0.02747,
      0.0142587,
      0.0131477
    ],
    [
      0,
      0,
      0,
      0,
      0,
      0,
      0,
      0,
      0,
      0,
      0,
      0,
      0,
      0,
      0,
      0,
      0,
      0,
      0,
      0,
      0,
      0,
      0
    ],
    [
      0,
      0,
      0,
      0,
      0,
      0,
      0,
      0,
      0,
      0,
      0,
      0,
      0,
      0,
      0,
      0,
      0,
      0,
      0,
      0,
      0,
      0,
      0
    ],
    [
      0,
      0,
      0,
      0,
      0,
      0,
      0,
      0,
      0,
      0,
      0,
      0,
      0,
      0,
      0,
      0,
      0,
      0,
      0,
      0,
      0,
      0,
      0
    ],
    [
      0,
      0,
      0,
      0,
      0,
      0,
      0,
      0,
      0,
      0,
      0,
      0,
      0,
      0,
      0,
      0,
      0,
      0,
      0,
      0,
      0,
      0,
      0
    ],
    [
      0,
      0,
      0,
      0,
      0,
      0,
      0,
      0,
      0,
      0,
      0,
      0,
      0,
      0,
      0,
      0,
      0,
      0,
      0,
      0,
      0,
      0,
      0
    ],
    [
      0,
      0,
      0,
      0,
      0,
      0,
      0,
      0,
      0,
      0,
      0,
      0,
      0,
      0,
      0,
      0,
      0,
      0,
      0,
      0,
      0,
      0,
      0
    ],
    [
      -0.00316977,
      0.00633081,
      0.0255274,
      -0.0152313,
      -0.01449,
      0,
      0,
      0,
      0,
      0,
      0,
      0.00181782,
      0.00183785,
      0.000763297,
      0.000986796,
      0.0010519,
      0.027912,
      0.00157475,
      0.000953635,
      0.000192072,
      -0.000900081,
      -0.0015584,
      -0.0015668
    ],
    [
      -0.00321272,
      0.00652569,
      0.0257056,
      -0.0155037,
      -0.0144236,
      0,
      0,
      0,
      0,
      0,
      0,
      0.00183785,
      0.00186718,
      0.000768397,
      0.000987397,
      0.0010471,
      0.0280714,
      0.00157763,
      0.000971047,
      0.000173876,
      -0.000874671,
      -0.00153218,
      -0.00163578
    ],
    [
      -0.00132043,
      0.00078406,
      0.0214435,
      -0.0070863,
      -0.0140289,
      0,
      0,
      0,
      0,
      0,
      0,
      0.000763297,
      0.000768397,
      0.00190722,
      0.00248095,
      0.00158718,
      0.0269808,
      0.00141278,
      0.00104776,
      0.000381184,
      -0.00201891,
      -0.000736915,
      -0.000632112
    ],
    [
      -0.00169025,
      -0.00166701,
      0.0285359,
      -0.00863678,
      -0.0192505,
      0,
      0,
      0,
      0,
      0,
      0,
      0.000986796,
      0.000987397,
      0.00248095,
      0.00759089,
      0.00172311,
      0.0359879,
      0.00184034,
      0.00145601,
      0.000321383,
      -0.00296693,
      -0.00114477,
      -0.000768018
    ],
    [
      -0.00181057,
      0.0017918,
      0.024933,
      -0.00784374,
      -0.0168988,
      0,
      0,
      0,
      0,
      0,
      0,
      0.0010519,
      0.0010471,
      0.00158718,
      0.00172311,
      0.0032642,
      0.03201,
      0.00181508,
      0.000939417,
      0.000887967,
      -0.00155515,
      -0.00100001,
      -0.000893233
    ],
    [
      -0.0484419,
      0.0454595,
      0.59966,
      -0.265263,
      -0.411311,
      0,
      0,
      0,
      0,
      0,
      0,
      0.027912,
      0.0280714,
      0.0269808,
      0.0359879,
      0.03201,
      0.714316,
      0.0392099,
      0.0225372,
      0.011011,
      -0.038914,
      -0.0259553,
      -0.0247297
    ],
    [
      -0.00272701,
      -0.000864167,
      0.0379304,
      -0.0145405,
      -0.0251504,
      0,
      0,
      0,
      0,
      0,
      0,
      0.00157475,
      0.00157763,
      0.00141278,
      0.00184034,
      0.00181508,
      0.0392099,
      0.00267223,
      0.00119818,
      0.000872725,
      -0.0021664,
      -0.00149352,
      -0.00145445
    ],
    [
      -0.0016714,
      0.000536253,
      0.02087,
      -0.0100157,
      -0.0121365,
      0,
      0,
      0,
      0,
      0,
      0,
      0.000953635,
      0.000971047,
      0.00104776,
      0.00145601,
      0.000939417,
      0.0225372,
      0.00119818,
      0.0015192,
      0.000303497,
      -0.000857955,
      -0.0010886,
      -0.000848398
    ],
    [
      -0.000315082,
      -0.00351289,
      0.0120963,
      -0.001795,
      -0.00944533,
      0,
      0,
      0,
      0,
      0,
      0,
      0.000192072,
      0.000173876,
      0.000381184,
      0.000321383,
      0.000887967,
      0.011011,
      0.000872725,
      0.000303497,
      0.00110235,
      -0.000852295,
      -0.000294113,
      -0.000332946
    ],
    [
      0.00153794,
      -0.00180279,
      -0.0354324,
      0.00701532,
      0.02747,
      0,
      0,
      0,
      0,
      0,
      0,
      -0.000900081,
      -0.000874671,
      -0.00201891,
      -0.00296693,
      -0.00155515,
      -0.038914,
      -0.0021664,
      -0.000857955,
      -0.000852295,
      0.00605934,
      0.000910419,
      0.000766625
    ],
    [
      0.00263463,
      -0.0035948,
      -0.023938,
      0.0134107,
      0.0142587,
      0,
      0,
      0,
      0,
      0,
      0,
      -0.0015584,
      -0.00153218,
      -0.000736915,
      -0.00114477,
      -0.00100001,
      -0.0259553,
      -0.00149352,
      -0.0010886,
      -0.000294113,
      0.000910419,
      0.00232862,
      0.0013222
    ],
    [
      0.00272983,
      -0.00472457,
      -0.0241869,
      0.0136256,
      0.0131477,
      0,
      0,
      0,
      0,
      0,
      0,
      -0.0015668,
      -0.00163578,
      -0.000632112,
      -0.000768018,
      -0.000893233,
      -0.0247297,
      -0.00145445,
      -0.000848398,
      -0.000332946,
      0.000766625,
      0.0013222,
      0.00251657
    ]
  ]
}