time,low95:SS:Japan__all,SS:Japan__all,high95:SS:Japan__all,low95:IS:Japan__all,IS:Japan__all,high95:IS:Japan__all,low95:SI:Japan__all,SI:Japan__all,high95:SI:Japan__all,low95:RS:Japan__all,RS:Japan__all,high95:RS:Japan__all,low95:SR:Japan__all,SR:Japan__all,high95:SR:Japan__all,low95:IR:Japan__all,IR:Japan__all,high95:IR:Japan__all,low95:RI:Japan__all,RI:Japan__all,high95:RI:Japan__all,low95:RR:Japan__all,RR:Japan__all,high95:RR:Japan__all,low95:EV71_JAP__IASR__inc,EV71_JAP__IASR__inc,high95:EV71_JAP__IASR__inc,low95:CA16_JAP__IASR__inc,CA16_JAP__IASR__inc,high95:CA16_JAP__IASR__inc
0,638538,638538,638538,63758,63758,63758,66273.3,66273.3,66273.3,1.33477e+07,1.33477e+07,1.33477e+07,1.38796e+07,1.38796e+07,1.38796e+07,432413,432413,432413,432226,432226,432226,9.78479e+07,9.78479e+07,9.78479e+07,0,0,0,0,0,0
1,636007,636007,636007,64765.9,64765.9,64765.9,67251.7,67251.7,67251.7,1.33223e+07,1.33223e+07,1.33223e+07,1.38542e+07,1.38542e+07,1.38542e+07,439541,439541,439541,439369,439369,439369,9.7885e+07,9.7885e+07,9.7885e+07,450.427,450.427,450.427,534.303,534.303,534.303
2,630735,630735,630735,65108.1,65108.1,65108.1,67584.4,67584.4,67584.4,1.32878e+07,1.32878e+07,1.32878e+07,1.38193e+07,1.38193e+07,1.38193e+07,443837,443837,443837,443511,443511,443511,9.79593e+07,9.79593e+07,9.79593e+07,456.3,456.3,456.3,541.144,541.144,541.144
3,625887,625887,625887,64851.9,64851.9,64851.9,67284.9,67284.9,67284.9,1.32527e+07,1.32527e+07,1.32527e+07,1.37831e+07,1.37831e+07,1.37831e+07,444405,444405,444405,443844,443844,443844,9.80438e+07,9.80438e+07,9.80438e+07,458.528,458.528,458.528,543.533,543.533,543.533
4,623404,623404,623404,64258.6,64258.6,64258.6,66632.4,66632.4,66632.4,1.32247e+07,1.32247e+07,1.32247e+07,1.37533e+07,1.37533e+07,1.37533e+07,441635,441635,441635,440844,440844,440844,9.81198e+07,9.81198e+07,9.81198e+07,457.063,457.063,457.063,541.491,541.491,541.491
5,623901,623901,623901,63598.7,63598.7,63598.7,65921.6,65921.6,65921.6,1.32085e+07,1.32085e+07,1.32085e+07,1.37348e+07,1.37348e+07,1.37348e+07,436808,436808,436808,435892,435892,435892,9.81738e+07,9.81738e+07,9.81738e+07,452.946,452.946,452.946,536.373,536.373,536.373
6,626926,626926,626926,63078.3,63078.3,63078.3,65378.4,65378.4,65378.4,1.32052e+07,1.32052e+07,1.32052e+07,1.37292e+07,1.37292e+07,1.37292e+07,431505,431505,431505,430637,430637,430637,9.82e+07,9.82e+07,9.82e+07,447.728,447.728,447.728,530.126,530.126,530.126
7,631388,631388,631388,62809.5,62809.5,62809.5,65124.4,65124.4,65124.4,1.32123e+07,1.32123e+07,1.32123e+07,1.37346e+07,1.37346e+07,1.37346e+07,427094,427094,427094,426458,426458,426458,9.82009e+07,9.82009e+07,9.82009e+07,442.911,442.911,442.911,524.584,524.584,524.584
8,635996,635996,635996,62813.3,62813.3,62813.3,65178.6,65178.6,65178.6,1.32254e+07,1.32254e+07,1.32254e+07,1.3747e+07,1.3747e+07,1.3747e+07,424428,424428,424428,424167,424167,424167,9.81844e+07,9.81844e+07,9.81844e+07,439.566,439.566,439.566,520.999,520.999,520.999
9,639629,639629,639629,63038.1,63038.1,63038.1,65477.8,65477.8,65477.8,1.32396e+07,1.32396e+07,1.32396e+07,1.37617e+07,1.37617e+07,1.37617e+07,423769,423769,423769,423946,423946,423946,9.81609e+07,9.81609e+07,9.81609e+07,438.18,438.18,438.18,519.871,519.871,519.871
10,641592,641592,641592,63387.9,63387.9,63387.9,65907.1,65907.1,65907.1,1.32506e+07,1.32506e+07,1.32506e+07,1.37746e+07,1.37746e+07,1.37746e+07,424860,424860,424860,425434,425434,425434,9.81403e+07,9.81403e+07,9.81403e+07,438.677,438.677,438.677,520.994,520.994,520.994
11,641721,641721,641721,63752.8,63752.8,63752.8,66336.2,66336.2,66336.2,1.32561e+07,1.32561e+07,1.32561e+07,1.37828e+07,1.37828e+07,1.37828e+07,427085,427085,427085,427917,427917,427917,9.81298e+07,9.81298e+07,9.81298e+07,440.553,440.553,440.553,523.644,523.644,523.644
12,640348,640348,640348,64039.2,64039.2,64039.2,66654.4,66654.4,66654.4,1.32554e+07,1.32554e+07,1.32554e+07,1.37851e+07,1.37851e+07,1.37851e+07,429677,429677,429677,430555,430555,430555,9.81325e+07,9.81325e+07,9.81325e+07,443.078,443.078,443.078,526.843,526.843,526.843
13,638122,638122,638122,64191.2,64191.2,64191.2,66797.8,66797.8,66797.8,1.32497e+07,1.32497e+07,1.32497e+07,1.37821e+07,1.37821e+07,1.37821e+07,431922,431922,431922,432618,432618,432618,9.81474e+07,9.81474e+07,9.81474e+07,445.502,445.502,445.502,529.644,529.644,529.644
14,635788,635788,635788,64199.4,64199.4,64199.4,66759.8,66759.8,66759.8,1.32416e+07,1.32416e+07,1.32416e+07,1.37755e+07,1.37755e+07,1.37755e+07,433333,433333,433333,433659,433659,433659,9.81708e+07,9.81708e+07,9.81708e+07,447.244,447.244,447.244,531.372,531.372,531.372
15,633968,633968,633968,64093.6,64093.6,64093.6,66583,66583,66583,1.32335e+07,1.32335e+07,1.32335e+07,1.37677e+07,1.37677e+07,1.37677e+07,433727,433727,433727,433585,433585,433585,9.81971e+07,9.81971e+07,9.81971e+07,448.011,448.011,448.011,531.758,531.758,531.758
16,633025,633025,633025,63926.4,63926.4,63926.4,66338.2,66338.2,66338.2,1.32278e+07,1.32278e+07,1.32278e+07,1.37608e+07,1.37608e+07,1.37608e+07,433215,433215,433215,432622,432622,432622,9.82212e+07,9.82212e+07,9.82212e+07,447.813,447.813,447.813,530.945,530.945,530.945
17,633027,633027,633027,63754,63754,63754,66100.4,66100.4,66100.4,1.32256e+07,1.32256e+07,1.32256e+07,1.37563e+07,1.37563e+07,1.37563e+07,432111,432111,432111,431189,431189,431189,9.82396e+07,9.82396e+07,9.82396e+07,446.901,446.901,446.901,529.369,529.369,529.369
18,633790,633790,633790,63620.2,63620.2,63620.2,65927.9,65927.9,65927.9,1.32269e+07,1.32269e+07,1.32269e+07,1.37549e+07,1.37549e+07,1.37549e+07,430807,430807,430807,429747,429747,429747,9.82506e+07,9.82506e+07,9.82506e+07,445.647,445.647,445.647,527.58,527.58,527.58
19,634982,634982,634982,63549.2,63549.2,63549.2,65851.7,65851.7,65851.7,1.3231e+07,1.3231e+07,1.3231e+07,1.37564e+07,1.37564e+07,1.37564e+07,429653,429653,429653,428667,428667,428667,9.8255e+07,9.8255e+07,9.8255e+07,444.425,444.425,444.425,526.08,526.08,526.08
20,636236,636236,636236,63543.3,63543.3,63543.3,65873.3,65873.3,65873.3,1.32365e+07,1.32365e+07,1.32365e+07,1.37599e+07,1.37599e+07,1.37599e+07,428885,428885,428885,428156,428156,428156,9.82548e+07,9.82548e+07,9.82548e+07,443.514,443.514,443.514,525.196,525.196,525.196
21,637245,637245,637245,63588.1,63588.1,63588.1,65970,65970,65970,1.32418e+07,1.32418e+07,1.32418e+07,1.37643e+07,1.37643e+07,1.37643e+07,428590,428590,428590,428235,428235,428235,9.82527e+07,9.82527e+07,9.82527e+07,443.053,443.053,443.053,525.038,525.038,525.038
22,637834,637834,637834,63659.7,63659.7,63659.7,66105,66105,66105,1.3246e+07,1.3246e+07,1.3246e+07,1.37688e+07,1.37688e+07,1.37688e+07,428721,428721,428721,428770,428770,428770,9.82513e+07,9.82513e+07,9.82513e+07,443.042,443.042,443.042,525.509,525.509,525.509
23,637968,637968,637968,63733,63733,63733,66238.5,66238.5,66238.5,1.32484e+07,1.32484e+07,1.32484e+07,1.37726e+07,1.37726e+07,1.37726e+07,429140,429140,429140,429534,429534,429534,9.82523e+07,9.82523e+07,9.82523e+07,443.369,443.369,443.369,526.367,526.367,526.367
24,637745,637745,637745,63788.3,63788.3,63788.3,66338,66338,66338,1.3249e+07,1.3249e+07,1.3249e+07,1.37752e+07,1.37752e+07,1.37752e+07,429667,429667,429667,430278,430278,430278,9.82566e+07,9.82566e+07,9.82566e+07,443.867,443.867,443.867,527.315,527.315,527.315
25,637334,637334,637334,63816.2,63816.2,63816.2,66385.6,66385.6,66385.6,1.32483e+07,1.32483e+07,1.32483e+07,1.37769e+07,1.37769e+07,1.37769e+07,430142,430142,430142,430804,430804,430804,9.82637e+07,9.82637e+07,9.82637e+07,444.367,444.367,444.367,528.083,528.083,528.083
26,636925,636925,636925,63816.9,63816.9,63816.9,66379.4,66379.4,66379.4,1.32471e+07,1.32471e+07,1.32471e+07,1.37778e+07,1.37778e+07,1.37778e+07,430454,430454,430454,431001,431001,431001,9.82726e+07,9.82726e+07,9.82726e+07,444.739,444.739,444.739,528.494,528.494,528.494
27,636669,636669,636669,63798.7,63798.7,63798.7,66331.6,66331.6,66331.6,1.32462e+07,1.32462e+07,1.32462e+07,1.37784e+07,1.37784e+07,1.37784e+07,430559,430559,430559,430865,430865,430865,9.82819e+07,9.82819e+07,9.82819e+07,444.919,444.919,444.919,528.492,528.492,528.492
28,636651,636651,636651,63773.5,63773.5,63773.5,66262.5,66262.5,66262.5,1.32464e+07,1.32464e+07,1.32464e+07,1.37791e+07,1.37791e+07,1.37791e+07,430479,430479,430479,430479,430479,430479,9.82903e+07,9.82903e+07,9.82903e+07,444.906,444.906,444.906,528.14,528.14,528.14
29,636878,636878,636878,63752.5,63752.5,63752.5,66194.2,66194.2,66194.2,1.32479e+07,1.32479e+07,1.32479e+07,1.37801e+07,1.37801e+07,1.37801e+07,430276,430276,430276,429976,429976,429976,9.8297e+07,9.8297e+07,9.8297e+07,444.751,444.751,444.751,527.58,527.58,527.58
30,637296,637296,637296,63743.3,63743.3,63743.3,66144.7,66144.7,66144.7,1.32506e+07,1.32506e+07,1.32506e+07,1.37818e+07,1.37818e+07,1.37818e+07,430028,430028,430028,429498,429498,429498,9.83017e+07,9.83017e+07,9.83017e+07,444.529,444.529,444.529,526.984,526.984,526.984
31,637813,637813,637813,63748.6,63748.6,63748.6,66124.6,66124.6,66124.6,1.32543e+07,1.32543e+07,1.32543e+07,1.37839e+07,1.37839e+07,1.37839e+07,429808,429808,429808,429159,429159,429159,9.83046e+07,9.83046e+07,9.83046e+07,444.312,444.312,444.312,526.504,526.504,526.504
32,638328,638328,638328,63766.2,63766.2,63766.2,66135.7,66135.7,66135.7,1.32584e+07,1.32584e+07,1.32584e+07,1.37865e+07,1.37865e+07,1.37865e+07,429659,429659,429659,429018,429018,429018,9.83064e+07,9.83064e+07,9.83064e+07,444.154,444.154,444.154,526.241,526.241,526.241
33,638764,638764,638764,63790.7,63790.7,63790.7,66172.2,66172.2,66172.2,1.32624e+07,1.32624e+07,1.32624e+07,1.37892e+07,1.37892e+07,1.37892e+07,429601,429601,429601,429080,429080,429080,9.83077e+07,9.83077e+07,9.83077e+07,444.08,444.08,444.08,526.227,526.227,526.227
34,639074,639074,639074,63816,63816,63816,66223.9,66223.9,66223.9,1.3266e+07,1.3266e+07,1.3266e+07,1.37921e+07,1.37921e+07,1.37921e+07,429622,429622,429622,429300,429300,429300,9.83094e+07,9.83094e+07,9.83094e+07,444.088,444.088,444.088,526.431,526.431,526.431
35,639253,639253,639253,63836.7,63836.7,63836.7,66278.8,66278.8,66278.8,1.32688e+07,1.32688e+07,1.32688e+07,1.37948e+07,1.37948e+07,1.37948e+07,429698,429698,429698,429604,429604,429604,9.83118e+07,9.83118e+07,9.83118e+07,444.154,444.154,444.154,526.774,526.774,526.774
36,639328,639328,639328,63850.3,63850.3,63850.3,66326.4,66326.4,66326.4,1.32708e+07,1.32708e+07,1.32708e+07,1.37975e+07,1.37975e+07,1.37975e+07,429797,429797,429797,429912,429912,429912,9.83151e+07,9.83151e+07,9.83151e+07,444.251,444.251,444.251,527.161,527.161,527.161
37,639342,639342,639342,63856.7,63856.7,63856.7,66360,66360,66360,1.32722e+07,1.32722e+07,1.32722e+07,1.38e+07,1.38e+07,1.38e+07,429894,429894,429894,430158,430158,430158,9.83193e+07,9.83193e+07,9.83193e+07,444.35,444.35,444.35,527.504,527.504,527.504
38,639343,639343,639343,63858.4,63858.4,63858.4,66377.2,66377.2,66377.2,1.32733e+07,1.32733e+07,1.32733e+07,1.38024e+07,1.38024e+07,1.38024e+07,429977,429977,429977,430302,430302,430302,9.83242e+07,9.83242e+07,9.83242e+07,444.435,444.435,444.435,527.741,527.741,527.741
39,639367,639367,639367,63859.3,63859.3,63859.3,66379.8,66379.8,66379.8,1.32743e+07,1.32743e+07,1.32743e+07,1.38046e+07,1.38046e+07,1.38046e+07,430043,430043,430043,430340,430340,430340,9.83293e+07,9.83293e+07,9.83293e+07,444.502,444.502,444.502,527.847,527.847,527.847
40,639434,639434,639434,63862.9,63862.9,63862.9,66372.5,66372.5,66372.5,1.32754e+07,1.32754e+07,1.32754e+07,1.38068e+07,1.38068e+07,1.38068e+07,430101,430101,430101,430293,430293,430293,9.83344e+07,9.83344e+07,9.83344e+07,444.559,444.559,444.559,527.836,527.836,527.836
41,639543,639543,639543,63871.8,63871.8,63871.8,66361.2,66361.2,66361.2,1.32769e+07,1.32769e+07,1.32769e+07,1.38088e+07,1.38088e+07,1.38088e+07,430162,430162,430162,430200,430200,430200,9.83393e+07,9.83393e+07,9.83393e+07,444.617,444.617,444.617,527.747,527.747,527.747
42,639678,639678,639678,63886.5,63886.5,63886.5,66351.6,66351.6,66351.6,1.32786e+07,1.32786e+07,1.32786e+07,1.38106e+07,1.38106e+07,1.38106e+07,430236,430236,430236,430107,430107,430107,9.8344e+07,9.8344e+07,9.8344e+07,444.688,444.688,444.688,527.633,527.633,527.633
43,639812,639812,639812,63905.7,63905.7,63905.7,66347.7,66347.7,66347.7,1.32806e+07,1.32806e+07,1.32806e+07,1.38122e+07,1.38122e+07,1.38122e+07,430328,430328,430328,430053,430053,430053,9.83486e+07,9.83486e+07,9.83486e+07,444.778,444.778,444.778,527.544,527.544,527.544
44,639922,639922,639922,63927,63927,63927,66351.4,66351.4,66351.4,1.32827e+07,1.32827e+07,1.32827e+07,1.38135e+07,1.38135e+07,1.38135e+07,430436,430436,430436,430063,430063,430063,9.83532e+07,9.83532e+07,9.83532e+07,444.887,444.887,444.887,527.52,527.52,527.52
45,639986,639986,639986,63947,63947,63947,66362.4,66362.4,66362.4,1.32846e+07,1.32846e+07,1.32846e+07,1.38147e+07,1.38147e+07,1.38147e+07,430554,430554,430554,430145,430145,430145,9.83581e+07,9.83581e+07,9.83581e+07,445.008,445.008,445.008,527.576,527.576,527.576
46,639997,639997,639997,63963.1,63963.1,63963.1,66379,66379,66379,1.32863e+07,1.32863e+07,1.32863e+07,1.38155e+07,1.38155e+07,1.38155e+07,430671,430671,430671,430288,430288,430288,9.83635e+07,9.83635e+07,9.83635e+07,445.131,445.131,445.131,527.712,527.712,527.712
47,639956,639956,639956,63973.5,63973.5,63973.5,66398.2,66398.2,66398.2,1.32876e+07,1.32876e+07,1.32876e+07,1.38162e+07,1.38162e+07,1.38162e+07,430778,430778,430778,430473,430473,430473,9.83693e+07,9.83693e+07,9.83693e+07,445.244,445.244,445.244,527.908,527.908,527.908
48,639871,639871,639871,63977.7,63977.7,63977.7,66417.1,66417.1,66417.1,1.32884e+07,1.32884e+07,1.32884e+07,1.38168e+07,1.38168e+07,1.38168e+07,430870,430870,430870,430672,430672,430672,9.83758e+07,9.83758e+07,9.83758e+07,445.341,445.341,445.341,528.135,528.135,528.135
49,639757,639757,639757,63976.8,63976.8,63976.8,66433.1,66433.1,66433.1,1.32888e+07,1.32888e+07,1.32888e+07,1.38173e+07,1.38173e+07,1.38173e+07,430947,430947,430947,430862,430862,430862,9.83827e+07,9.83827e+07,9.83827e+07,445.418,445.418,445.418,528.363,528.363,528.363
50,639629,639629,639629,63972.8,63972.8,63972.8,66444.7,66444.7,66444.7,1.32889e+07,1.32889e+07,1.32889e+07,1.38177e+07,1.38177e+07,1.38177e+07,431014,431014,431014,431023,431023,431023,9.83901e+07,9.83901e+07,9.83901e+07,445.48,445.48,445.48,528.565,528.565,528.565
51,639498,639498,639498,63968,63968,63968,66451,66451,66451,1.32887e+07,1.32887e+07,1.32887e+07,1.38181e+07,1.38181e+07,1.38181e+07,431078,431078,431078,431147,431147,431147,9.83978e+07,9.83978e+07,9.83978e+07,445.534,445.534,445.534,528.726,528.726,528.726
52,639371,639371,639371,63964.5,63964.5,63964.5,66452.5,66452.5,66452.5,1.32884e+07,1.32884e+07,1.32884e+07,1.38184e+07,1.38184e+07,1.38184e+07,431149,431149,431149,431231,431231,431231,9.84057e+07,9.84057e+07,9.84057e+07,445.59,445.59,445.59,528.84,528.84,528.84
53,639248,639248,639248,63963.7,63963.7,63963.7,66450,66450,66450,1.3288e+07,1.3288e+07,1.3288e+07,1.38185e+07,1.38185e+07,1.38185e+07,431231,431231,431231,431284,431284,431284,9.84137e+07,9.84137e+07,9.84137e+07,445.656,445.656,445.656,528.912,528.912,528.912
54,639128,639128,639128,63965.8,63965.8,63965.8,66444.7,66444.7,66444.7,1.32876e+07,1.32876e+07,1.32876e+07,1.38185e+07,1.38185e+07,1.38185e+07,431326,431326,431326,431316,431316,431316,9.84218e+07,9.84218e+07,9.84218e+07,445.737,445.737,445.737,528.952,528.952,528.952
55,639005,639005,639005,63970.5,63970.5,63970.5,66438.1,66438.1,66438.1,1.32872e+07,1.32872e+07,1.32872e+07,1.38183e+07,1.38183e+07,1.38183e+07,431433,431433,431433,431341,431341,431341,9.84299e+07,9.84299e+07,9.84299e+07,445.832,445.832,445.832,528.975,528.975,528.975
56,638877,638877,638877,63976.2,63976.2,63976.2,66431.3,66431.3,66431.3,1.32869e+07,1.32869e+07,1.32869e+07,1.38179e+07,1.38179e+07,1.38179e+07,431544,431544,431544,431370,431370,431370,9.84382e+07,9.84382e+07,9.84382e+07,445.935,445.935,445.935,528.995,528.995,528.995
57,638739,638739,638739,63981.3,63981.3,63981.3,66425.1,66425.1,66425.1,1.32866e+07,1.32866e+07,1.32866e+07,1.38173e+07,1.38173e+07,1.38173e+07,431650,431650,431650,431408,431408,431408,9.84466e+07,9.84466e+07,9.84466e+07,446.038,446.038,446.038,529.023,529.023,529.023
58,638593,638593,638593,63984.3,63984.3,63984.3,66420,66420,66420,1.32863e+07,1.32863e+07,1.32863e+07,1.38165e+07,1.38165e+07,1.38165e+07,431742,431742,431742,431459,431459,431459,9.8455e+07,9.8455e+07,9.8455e+07,446.132,446.132,446.132,529.065,529.065,529.065
59,638442,638442,638442,63983.9,63983.9,63983.9,66416.1,66416.1,66416.1,1.32859e+07,1.32859e+07,1.32859e+07,1.38156e+07,1.38156e+07,1.38156e+07,431812,431812,431812,431521,431521,431521,9.84636e+07,9.84636e+07,9.84636e+07,446.206,446.206,446.206,529.12,529.12,529.12
60,638291,638291,638291,63979.9,63979.9,63979.9,66413.2,66413.2,66413.2,1.32855e+07,1.32855e+07,1.32855e+07,1.38147e+07,1.38147e+07,1.38147e+07,431857,431857,431857,431588,431588,431588,9.84722e+07,9.84722e+07,9.84722e+07,446.256,446.256,446.256,529.186,529.186,529.186
61,638147,638147,638147,63972.4,63972.4,63972.4,66410.9,66410.9,66410.9,1.3285e+07,1.3285e+07,1.3285e+07,1.38139e+07,1.38139e+07,1.38139e+07,431876,431876,431876,431654,431654,431654,9.84808e+07,9.84808e+07,9.84808e+07,446.28,446.28,446.28,529.254,529.254,529.254
62,638015,638015,638015,63962.4,63962.4,63962.4,66408.7,66408.7,66408.7,1.32844e+07,1.32844e+07,1.32844e+07,1.38131e+07,1.38131e+07,1.38131e+07,431875,431875,431875,431712,431712,431712,9.84892e+07,9.84892e+07,9.84892e+07,446.279,446.279,446.279,529.318,529.318,529.318
63,637899,637899,637899,63951.2,63951.2,63951.2,66406.1,66406.1,66406.1,1.32837e+07,1.32837e+07,1.32837e+07,1.38125e+07,1.38125e+07,1.38125e+07,431859,431859,431859,431755,431755,431755,9.84975e+07,9.84975e+07,9.84975e+07,446.261,446.261,446.261,529.37,529.37,529.37
64,637804,637804,637804,63940.2,63940.2,63940.2,66402.7,66402.7,66402.7,1.3283e+07,1.3283e+07,1.3283e+07,1.3812e+07,1.3812e+07,1.3812e+07,431836,431836,431836,431780,431780,431780,9.85056e+07,9.85056e+07,9.85056e+07,446.234,446.234,446.234,529.403,529.403,529.403
65,637729,637729,637729,63930.5,63930.5,63930.5,66398.2,66398.2,66398.2,1.32824e+07,1.32824e+07,1.32824e+07,1.38117e+07,1.38117e+07,1.38117e+07,431814,431814,431814,431785,431785,431785,9.85134e+07,9.85134e+07,9.85134e+07,446.203,446.203,446.203,529.415,529.415,529.415
66,637676,637676,637676,63922.9,63922.9,63922.9,66392.6,66392.6,66392.6,1.32819e+07,1.32819e+07,1.32819e+07,1.38115e+07,1.38115e+07,1.38115e+07,431795,431795,431795,431772,431772,431772,9.85208e+07,9.85208e+07,9.85208e+07,446.176,446.176,446.176,529.405,529.405,529.405
67,637642,637642,637642,63917.5,63917.5,63917.5,66386,66386,66386,1.32816e+07,1.32816e+07,1.32816e+07,1.38114e+07,1.38114e+07,1.38114e+07,431781,431781,431781,431742,431742,431742,9.85278e+07,9.85278e+07,9.85278e+07,446.156,446.156,446.156,529.375,529.375,529.375
68,637628,637628,637628,63914.3,63914.3,63914.3,66378.8,66378.8,66378.8,1.32814e+07,1.32814e+07,1.32814e+07,1.38114e+07,1.38114e+07,1.38114e+07,431772,431772,431772,431701,431701,431701,9.85345e+07,9.85345e+07,9.85345e+07,446.142,446.142,446.142,529.33,529.33,529.33
69,637631,637631,637631,63912.5,63912.5,63912.5,66371.4,66371.4,66371.4,1.32814e+07,1.32814e+07,1.32814e+07,1.38114e+07,1.38114e+07,1.38114e+07,431763,431763,431763,431653,431653,431653,9.85408e+07,9.85408e+07,9.85408e+07,446.132,446.132,446.132,529.275,529.275,529.275
70,637652,637652,637652,63911.5,63911.5,63911.5,66364.5,66364.5,66364.5,1.32816e+07,1.32816e+07,1.32816e+07,1.38116e+07,1.38116e+07,1.38116e+07,431751,431751,431751,431602,431602,431602,9.85467e+07,9.85467e+07,9.85467e+07,446.122,446.122,446.122,529.214,529.214,529.214
71,637692,637692,637692,63910.7,63910.7,63910.7,66358.5,66358.5,66358.5,1.32819e+07,1.32819e+07,1.32819e+07,1.38118e+07,1.38118e+07,1.38118e+07,431729,431729,431729,431552,431552,431552,9.85522e+07,9.85522e+07,9.85522e+07,446.106,446.106,446.106,529.153,529.153,529.153
72,637750,637750,637750,63909.4,63909.4,63909.4,66354,66354,66354,1.32825e+07,1.32825e+07,1.32825e+07,1.38121e+07,1.38121e+07,1.38121e+07,431696,431696,431696,431505,431505,431505,9.85573e+07,9.85573e+07,9.85573e+07,446.081,446.081,446.081,529.096,529.096,529.096
73,637827,637827,637827,63907.4,63907.4,63907.4,66351.3,66351.3,66351.3,1.32832e+07,1.32832e+07,1.32832e+07,1.38127e+07,1.38127e+07,1.38127e+07,431650,431650,431650,431461,431461,431461,9.85619e+07,9.85619e+07,9.85619e+07,446.044,446.044,446.044,529.044,529.044,529.044
74,637923,637923,637923,63904.9,63904.9,63904.9,66350.3,66350.3,66350.3,1.3284e+07,1.3284e+07,1.3284e+07,1.38133e+07,1.38133e+07,1.38133e+07,431593,431593,431593,431422,431422,431422,9.8566e+07,9.8566e+07,9.8566e+07,445.995,445.995,445.995,528.998,528.998,528.998
75,638039,638039,638039,63902.1,63902.1,63902.1,66351.2,66351.2,66351.2,1.3285e+07,1.3285e+07,1.3285e+07,1.38142e+07,1.38142e+07,1.38142e+07,431528,431528,431528,431385,431385,431385,9.85697e+07,9.85697e+07,9.85697e+07,445.937,445.937,445.937,528.957,528.957,528.957
76,638172,638172,638172,63899.7,63899.7,63899.7,66353.5,66353.5,66353.5,1.32861e+07,1.32861e+07,1.32861e+07,1.38153e+07,1.38153e+07,1.38153e+07,431460,431460,431460,431350,431350,431350,9.85729e+07,9.85729e+07,9.85729e+07,445.875,445.875,445.875,528.921,528.921,528.921
77,638321,638321,638321,63898.2,63898.2,63898.2,66356.9,66356.9,66356.9,1.32873e+07,1.32873e+07,1.32873e+07,1.38166e+07,1.38166e+07,1.38166e+07,431393,431393,431393,431315,431315,431315,9.85757e+07,9.85757e+07,9.85757e+07,445.811,445.811,445.811,528.887,528.887,528.887
78,638484,638484,638484,63898.1,63898.1,63898.1,66361.2,66361.2,66361.2,1.32886e+07,1.32886e+07,1.32886e+07,1.38181e+07,1.38181e+07,1.38181e+07,431332,431332,431332,431278,431278,431278,9.8578e+07,9.8578e+07,9.8578e+07,445.753,445.753,445.753,528.853,528.853,528.853
79,638657,638657,638657,63899.9,63899.9,63899.9,66365.9,66365.9,66365.9,1.329e+07,1.329e+07,1.329e+07,1.38197e+07,1.38197e+07,1.38197e+07,431281,431281,431281,431240,431240,431240,9.85799e+07,9.85799e+07,9.85799e+07,445.703,445.703,445.703,528.818,528.818,528.818
80,638838,638838,638838,63903.6,63903.6,63903.6,66370.8,66370.8,66370.8,1.32915e+07,1.32915e+07,1.32915e+07,1.38215e+07,1.38215e+07,1.38215e+07,431241,431241,431241,431201,431201,431201,9.85814e+07,9.85814e+07,9.85814e+07,445.664,445.664,445.664,528.782,528.782,528.782
81,639025,639025,639025,63909.2,63909.2,63909.2,66375.9,66375.9,66375.9,1.32931e+07,1.32931e+07,1.32931e+07,1.38233e+07,1.38233e+07,1.38233e+07,431212,431212,431212,431163,431163,431163,9.85825e+07,9.85825e+07,9.85825e+07,445.638,445.638,445.638,528.746,528.746,528.746
82,639214,639214,639214,63916.4,63916.4,63916.4,66381.2,66381.2,66381.2,1.32948e+07,1.32948e+07,1.32948e+07,1.38252e+07,1.38252e+07,1.38252e+07,431194,431194,431194,431127,431127,431127,9.85834e+07,9.85834e+07,9.85834e+07,445.623,445.623,445.623,528.712,528.712,528.712
83,639403,639403,639403,63924.8,63924.8,63924.8,66386.9,66386.9,66386.9,1.32966e+07,1.32966e+07,1.32966e+07,1.38271e+07,1.38271e+07,1.38271e+07,431185,431185,431185,431096,431096,431096,9.8584e+07,9.8584e+07,9.8584e+07,445.618,445.618,445.618,528.682,528.682,528.682
84,639589,639589,639589,63933.9,63933.9,63933.9,66393.2,66393.2,66393.2,1.32985e+07,1.32985e+07,1.32985e+07,1.3829e+07,1.3829e+07,1.3829e+07,431182,431182,431182,431072,431072,431072,9.85844e+07,9.85844e+07,9.85844e+07,445.62,445.62,445.62,528.659,528.659,528.659
85,639771,639771,639771,63943.3,63943.3,63943.3,66400.3,66400.3,66400.3,1.33004e+07,1.33004e+07,1.33004e+07,1.3831e+07,1.3831e+07,1.3831e+07,431183,431183,431183,431058,431058,431058,9.85846e+07,9.85846e+07,9.85846e+07,445.628,445.628,445.628,528.646,528.646,528.646
86,639946,639946,639946,63952.6,63952.6,63952.6,66408.4,66408.4,66408.4,1.33023e+07,1.33023e+07,1.33023e+07,1.38329e+07,1.38329e+07,1.38329e+07,431187,431187,431187,431055,431055,431055,9.85847e+07,9.85847e+07,9.85847e+07,445.639,445.639,445.639,528.644,528.644,528.644
87,640113,640113,640113,63961.8,63961.8,63961.8,66417.5,66417.5,66417.5,1.33042e+07,1.33042e+07,1.33042e+07,1.38347e+07,1.38347e+07,1.38347e+07,431195,431195,431195,431063,431063,431063,9.85848e+07,9.85848e+07,9.85848e+07,445.652,445.652,445.652,528.656,528.656,528.656
88,640269,640269,640269,63970.7,63970.7,63970.7,66427.5,66427.5,66427.5,1.33061e+07,1.33061e+07,1.33061e+07,1.38366e+07,1.38366e+07,1.38366e+07,431207,431207,431207,431083,431083,431083,9.85848e+07,9.85848e+07,9.85848e+07,445.669,445.669,445.669,528.682,528.682,528.682
89,640412,640412,640412,63979.3,63979.3,63979.3,66438.2,66438.2,66438.2,1.33079e+07,1.33079e+07,1.33079e+07,1.38384e+07,1.38384e+07,1.38384e+07,431224,431224,431224,431114,431114,431114,9.85848e+07,9.85848e+07,9.85848e+07,445.69,445.69,445.69,528.72,528.72,528.72
90,640539,640539,640539,63987.9,63987.9,63987.9,66449.2,66449.2,66449.2,1.33096e+07,1.33096e+07,1.33096e+07,1.38402e+07,1.38402e+07,1.38402e+07,431249,431249,431249,431153,431153,431153,9.85848e+07,9.85848e+07,9.85848e+07,445.717,445.717,445.717,528.768,528.768,528.768
91,640650,640650,640650,63996.5,63996.5,63996.5,66460.2,66460.2,66460.2,1.33112e+07,1.33112e+07,1.33112e+07,1.38419e+07,1.38419e+07,1.38419e+07,431282,431282,431282,431199,431199,431199,9.8585e+07,9.8585e+07,9.8585e+07,445.75,445.75,445.75,528.826,528.826,528.826
92,640741,640741,640741,64005.2,64005.2,64005.2,66470.9,66470.9,66470.9,1.33127e+07,1.33127e+07,1.33127e+07,1.38435e+07,1.38435e+07,1.38435e+07,431326,431326,431326,431251,431251,431251,9.85852e+07,9.85852e+07,9.85852e+07,445.793,445.793,445.793,528.89,528.89,528.89
93,640813,640813,640813,64014.1,64014.1,64014.1,66480.9,66480.9,66480.9,1.3314e+07,1.3314e+07,1.3314e+07,1.3845e+07,1.3845e+07,1.3845e+07,431380,431380,431380,431307,431307,431307,9.85857e+07,9.85857e+07,9.85857e+07,445.845,445.845,445.845,528.958,528.958,528.958
94,640864,640864,640864,64023.2,64023.2,64023.2,66490,66490,66490,1.33152e+07,1.33152e+07,1.33152e+07,1.38463e+07,1.38463e+07,1.38463e+07,431445,431445,431445,431367,431367,431367,9.85864e+07,9.85864e+07,9.85864e+07,445.907,445.907,445.907,529.03,529.03,529.03
95,640893,640893,640893,64032.2,64032.2,64032.2,66498.2,66498.2,66498.2,1.33162e+07,1.33162e+07,1.33162e+07,1.38474e+07,1.38474e+07,1.38474e+07,431518,431518,431518,431430,431430,431430,9.85873e+07,9.85873e+07,9.85873e+07,445.977,445.977,445.977,529.105,529.105,529.105
96,640899,640899,640899,64040.9,64040.9,64040.9,66505.3,66505.3,66505.3,1.33171e+07,1.33171e+07,1.33171e+07,1.38484e+07,1.38484e+07,1.38484e+07,431598,431598,431598,431497,431497,431497,9.85885e+07,9.85885e+07,9.85885e+07,446.054,446.054,446.054,529.182,529.182,529.182
97,640884,640884,640884,64049,64049,64049,66511.5,66511.5,66511.5,1.33179e+07,1.33179e+07,1.33179e+07,1.38492e+07,1.38492e+07,1.38492e+07,431683,431683,431683,431567,431567,431567,9.85901e+07,9.85901e+07,9.85901e+07,446.136,446.136,446.136,529.261,529.261,529.261
98,640847,640847,640847,64056.3,64056.3,64056.3,66516.8,66516.8,66516.8,1.33185e+07,1.33185e+07,1.33185e+07,1.38498e+07,1.38498e+07,1.38498e+07,431771,431771,431771,431641,431641,431641,9.85919e+07,9.85919e+07,9.85919e+07,446.221,446.221,446.221,529.344,529.344,529.344
99,640789,640789,640789,64062.5,64062.5,64062.5,66521.4,66521.4,66521.4,1.33189e+07,1.33189e+07,1.33189e+07,1.38501e+07,1.38501e+07,1.38501e+07,431859,431859,431859,431718,431718,431718,9.8594e+07,9.8594e+07,9.8594e+07,446.306,446.306,446.306,529.429,529.429,529.429
100,640711,640711,640711,64067.4,64067.4,64067.4,66525.2,66525.2,66525.2,1.33191e+07,1.33191e+07,1.33191e+07,1.38503e+07,1.38503e+07,1.38503e+07,431945,431945,431945,431799,431799,431799,9.85965e+07,9.85965e+07,9.85965e+07,446.39,446.39,446.39,529.518,529.518,529.518
101,640614,640614,640614,64070.9,64070.9,64070.9,66528.3,66528.3,66528.3,1.33192e+07,1.33192e+07,1.33192e+07,1.38503e+07,1.38503e+07,1.38503e+07,432030,432030,432030,431882,431882,431882,9.85993e+07,9.85993e+07,9.85993e+07,446.471,446.471,446.471,529.609,529.609,529.609
102,640501,640501,640501,64073.1,64073.1,64073.1,66530.6,66530.6,66530.6,1.33191e+07,1.33191e+07,1.33191e+07,1.38501e+07,1.38501e+07,1.38501e+07,432111,432111,432111,431966,431966,431966,9.86024e+07,9.86024e+07,9.86024e+07,446.548,446.548,446.548,529.701,529.701,529.701
103,640372,640372,640372,64073.9,64073.9,64073.9,66532.1,66532.1,66532.1,1.33188e+07,1.33188e+07,1.33188e+07,1.38498e+07,1.38498e+07,1.38498e+07,432190,432190,432190,432050,432050,432050,9.86059e+07,9.86059e+07,9.86059e+07,446.621,446.621,446.621,529.792,529.792,529.792
104,640229,640229,640229,64073.6,64073.6,64073.6,66532.5,66532.5,66532.5,1.33184e+07,1.33184e+07,1.33184e+07,1.38493e+07,1.38493e+07,1.38493e+07,432265,432265,432265,432131,432131,432131,9.86096e+07,9.86096e+07,9.86096e+07,446.69,446.69,446.69,529.881,529.881,529.881
105,640075,640075,640075,64072.2,64072.2,64072.2,66531.8,66531.8,66531.8,1.33178e+07,1.33178e+07,1.33178e+07,1.38487e+07,1.38487e+07,1.38487e+07,432336,432336,432336,432208,432208,432208,9.86136e+07,9.86136e+07,9.86136e+07,446.755,446.755,446.755,529.965,529.965,529.965
106,639913,639913,639913,64069.8,64069.8,64069.8,66529.9,66529.9,66529.9,1.33171e+07,1.33171e+07,1.33171e+07,1.3848e+07,1.3848e+07,1.3848e+07,432404,432404,432404,432278,432278,432278,9.86179e+07,9.86179e+07,9.86179e+07,446.816,446.816,446.816,530.042,530.042,530.042
107,639743,639743,639743,64066.7,64066.7,64066.7,66526.8,66526.8,66526.8,1.33162e+07,1.33162e+07,1.33162e+07,1.38471e+07,1.38471e+07,1.38471e+07,432467,432467,432467,432342,432342,432342,9.86224e+07,9.86224e+07,9.86224e+07,446.873,446.873,446.873,530.11,530.11,530.11
108,639570,639570,639570,64062.8,64062.8,64062.8,66522.4,66522.4,66522.4,1.33153e+07,1.33153e+07,1.33153e+07,1.38462e+07,1.38462e+07,1.38462e+07,432526,432526,432526,432398,432398,432398,9.8627e+07,9.8627e+07,9.8627e+07,446.925,446.925,446.925,530.17,530.17,530.17
109,639395,639395,639395,64058.1,64058.1,64058.1,66516.8,66516.8,66516.8,1.33142e+07,1.33142e+07,1.33142e+07,1.38451e+07,1.38451e+07,1.38451e+07,432578,432578,432578,432445,432445,432445,9.86319e+07,9.86319e+07,9.86319e+07,446.971,446.971,446.971,530.219,530.219,530.219
110,639221,639221,639221,64052.8,64052.8,64052.8,66510.3,66510.3,66510.3,1.33132e+07,1.33132e+07,1.33132e+07,1.3844e+07,1.3844e+07,1.3844e+07,432624,432624,432624,432484,432484,432484,9.86368e+07,9.86368e+07,9.86368e+07,447.011,447.011,447.011,530.259,530.259,530.259
111,639051,639051,639051,64046.8,64046.8,64046.8,66503,66503,66503,1.33121e+07,1.33121e+07,1.33121e+07,1.38428e+07,1.38428e+07,1.38428e+07,432661,432661,432661,432515,432515,432515,9.86419e+07,9.86419e+07,9.86419e+07,447.043,447.043,447.043,530.289,530.289,530.289
112,638887,638887,638887,64040,64040,64040,66495,66495,66495,1.3311e+07,1.3311e+07,1.3311e+07,1.38417e+07,1.38417e+07,1.38417e+07,432689,432689,432689,432538,432538,432538,9.8647e+07,9.8647e+07,9.8647e+07,447.067,447.067,447.067,530.309,530.309,530.309
113,638732,638732,638732,64032.6,64032.6,64032.6,66486.7,66486.7,66486.7,1.33099e+07,1.33099e+07,1.33099e+07,1.38405e+07,1.38405e+07,1.38405e+07,432707,432707,432707,432553,432553,432553,9.86521e+07,9.86521e+07,9.86521e+07,447.081,447.081,447.081,530.321,530.321,530.321
114,638588,638588,638588,64024.5,64024.5,64024.5,66478.1,66478.1,66478.1,1.33088e+07,1.33088e+07,1.33088e+07,1.38393e+07,1.38393e+07,1.38393e+07,432714,432714,432714,432561,432561,432561,9.86571e+07,9.86571e+07,9.86571e+07,447.085,447.085,447.085,530.324,530.324,530.324
115,638457,638457,638457,64016,64016,64016,66469.4,66469.4,66469.4,1.33078e+07,1.33078e+07,1.33078e+07,1.38382e+07,1.38382e+07,1.38382e+07,432711,432711,432711,432561,432561,432561,9.86621e+07,9.86621e+07,9.86621e+07,447.08,447.08,447.08,530.318,530.318,530.318
116,638342,638342,638342,64007,64007,64007,66460.7,66460.7,66460.7,1.33068e+07,1.33068e+07,1.33068e+07,1.38372e+07,1.38372e+07,1.38372e+07,432698,432698,432698,432553,432553,432553,9.86669e+07,9.86669e+07,9.86669e+07,447.065,447.065,447.065,530.305,530.305,530.305
117,638243,638243,638243,63997.9,63997.9,63997.9,66452.1,66452.1,66452.1,1.3306e+07,1.3306e+07,1.3306e+07,1.38362e+07,1.38362e+07,1.38362e+07,432676,432676,432676,432537,432537,432537,9.86716e+07,9.86716e+07,9.86716e+07,447.041,447.041,447.041,530.283,530.283,530.283
118,638163,638163,638163,63988.8,63988.8,63988.8,66443.6,66443.6,66443.6,1.33052e+07,1.33052e+07,1.33052e+07,1.38354e+07,1.38354e+07,1.38354e+07,432646,432646,432646,432513,432513,432513,9.86761e+07,9.86761e+07,9.86761e+07,447.009,447.009,447.009,530.253,530.253,530.253
119,638103,638103,638103,63980,63980,63980,66435.4,66435.4,66435.4,1.33045e+07,1.33045e+07,1.33045e+07,1.38347e+07,1.38347e+07,1.38347e+07,432608,432608,432608,432481,432481,432481,9.86803e+07,9.86803e+07,9.86803e+07,446.97,446.97,446.97,530.215,530.215,530.215
120,638064,638064,638064,63971.5,63971.5,63971.5,66427.5,66427.5,66427.5,1.33039e+07,1.33039e+07,1.33039e+07,1.38342e+07,1.38342e+07,1.38342e+07,432563,432563,432563,432442,432442,432442,9.86843e+07,9.86843e+07,9.86843e+07,446.925,446.925,446.925,530.168,530.168,530.168
121,638046,638046,638046,63963.6,63963.6,63963.6,66419.9,66419.9,66419.9,1.33035e+07,1.33035e+07,1.33035e+07,1.38338e+07,1.38338e+07,1.38338e+07,432513,432513,432513,432395,432395,432395,9.86881e+07,9.86881e+07,9.86881e+07,446.875,446.875,446.875,530.114,530.114,530.114
122,638049,638049,638049,63956.4,63956.4,63956.4,66412.8,66412.8,66412.8,1.33033e+07,1.33033e+07,1.33033e+07,1.38335e+07,1.38335e+07,1.38335e+07,432459,432459,432459,432343,432343,432343,9.86915e+07,9.86915e+07,9.86915e+07,446.821,446.821,446.821,530.054,530.054,530.054
123,638074,638074,638074,63950,63950,63950,66406.3,66406.3,66406.3,1.33032e+07,1.33032e+07,1.33032e+07,1.38335e+07,1.38335e+07,1.38335e+07,432400,432400,432400,432285,432285,432285,9.86946e+07,9.86946e+07,9.86946e+07,446.764,446.764,446.764,529.988,529.988,529.988
124,638121,638121,638121,63944.3,63944.3,63944.3,66400.5,66400.5,66400.5,1.33033e+07,1.33033e+07,1.33033e+07,1.38336e+07,1.38336e+07,1.38336e+07,432338,432338,432338,432223,432223,432223,9.86974e+07,9.86974e+07,9.86974e+07,446.704,446.704,446.704,529.917,529.917,529.917
125,638189,638189,638189,63939.5,63939.5,63939.5,66395.6,66395.6,66395.6,1.33036e+07,1.33036e+07,1.33036e+07,1.38339e+07,1.38339e+07,1.38339e+07,432274,432274,432274,432158,432158,432158,9.86999e+07,9.86999e+07,9.86999e+07,446.642,446.642,446.642,529.844,529.844,529.844
126,638276,638276,638276,63935.6,63935.6,63935.6,66391.7,66391.7,66391.7,1.3304e+07,1.3304e+07,1.3304e+07,1.38344e+07,1.38344e+07,1.38344e+07,432207,432207,432207,432092,432092,432092,9.8702e+07,9.8702e+07,9.8702e+07,446.579,446.579,446.579,529.77,529.77,529.77
127,638383,638383,638383,63932.6,63932.6,63932.6,66388.8,66388.8,66388.8,1.33047e+07,1.33047e+07,1.33047e+07,1.3835e+07,1.3835e+07,1.3835e+07,432139,432139,432139,432026,432026,432026,9.87038e+07,9.87038e+07,9.87038e+07,446.516,446.516,446.516,529.696,529.696,529.696
128,638507,638507,638507,63930.5,63930.5,63930.5,66387,66387,66387,1.33055e+07,1.33055e+07,1.33055e+07,1.38358e+07,1.38358e+07,1.38358e+07,432071,432071,432071,431961,431961,431961,9.87054e+07,9.87054e+07,9.87054e+07,446.452,446.452,446.452,529.624,529.624,529.624
129,638647,638647,638647,63929.4,63929.4,63929.4,66386.4,66386.4,66386.4,1.33065e+07,1.33065e+07,1.33065e+07,1.38368e+07,1.38368e+07,1.38368e+07,432004,432004,432004,431898,431898,431898,9.87066e+07,9.87066e+07,9.87066e+07,446.39,446.39,446.39,529.554,529.554,529.554
130,638801,638801,638801,63929.3,63929.3,63929.3,66387,66387,66387,1.33076e+07,1.33076e+07,1.33076e+07,1.3838e+07,1.3838e+07,1.3838e+07,431939,431939,431939,431837,431837,431837,9.87075e+07,9.87075e+07,9.87075e+07,446.33,446.33,446.33,529.488,529.488,529.488
131,638967,638967,638967,63930.1,63930.1,63930.1,66388.7,66388.7,66388.7,1.33089e+07,1.33089e+07,1.33089e+07,1.38394e+07,1.38394e+07,1.38394e+07,431877,431877,431877,431781,431781,431781,9.87082e+07,9.87082e+07,9.87082e+07,446.273,446.273,446.273,529.427,529.427,529.427
132,639143,639143,639143,63932,63932,63932,66391.5,66391.5,66391.5,1.33103e+07,1.33103e+07,1.33103e+07,1.38408e+07,1.38408e+07,1.38408e+07,431821,431821,431821,431728,431728,431728,9.87086e+07,9.87086e+07,9.87086e+07,446.221,446.221,446.221,529.372,529.372,529.372
133,639326,639326,639326,63935,63935,63935,66395.2,66395.2,66395.2,1.33118e+07,1.33118e+07,1.33118e+07,1.38424e+07,1.38424e+07,1.38424e+07,431770,431770,431770,431681,431681,431681,9.87089e+07,9.87089e+07,9.87089e+07,446.175,446.175,446.175,529.322,529.322,529.322
134,639513,639513,639513,63939.1,63939.1,63939.1,66399.9,66399.9,66399.9,1.33134e+07,1.33134e+07,1.33134e+07,1.38441e+07,1.38441e+07,1.38441e+07,431726,431726,431726,431639,431639,431639,9.8709e+07,9.8709e+07,9.8709e+07,446.135,446.135,446.135,529.279,529.279,529.279
135,639703,639703,639703,63944.1,63944.1,63944.1,66405.5,66405.5,66405.5,1.33151e+07,1.33151e+07,1.33151e+07,1.38459e+07,1.38459e+07,1.38459e+07,431690,431690,431690,431604,431604,431604,9.8709e+07,9.8709e+07,9.8709e+07,446.103,446.103,446.103,529.244,529.244,529.244
136,639892,639892,639892,63950.1,63950.1,63950.1,66411.9,66411.9,66411.9,1.33169e+07,1.33169e+07,1.33169e+07,1.38478e+07,1.38478e+07,1.38478e+07,431662,431662,431662,431576,431576,431576,9.87089e+07,9.87089e+07,9.87089e+07,446.079,446.079,446.079,529.217,529.217,529.217
137,640078,640078,640078,63957,63957,63957,66419,66419,66419,1.33187e+07,1.33187e+07,1.33187e+07,1.38497e+07,1.38497e+07,1.38497e+07,431643,431643,431643,431557,431557,431557,9.87087e+07,9.87087e+07,9.87087e+07,446.064,446.064,446.064,529.199,529.199,529.199
138,640258,640258,640258,63964.5,63964.5,63964.5,66426.7,66426.7,66426.7,1.33205e+07,1.33205e+07,1.33205e+07,1.38517e+07,1.38517e+07,1.38517e+07,431633,431633,431633,431545,431545,431545,9.87085e+07,9.87085e+07,9.87085e+07,446.058,446.058,446.058,529.19,529.19,529.19
139,640429,640429,640429,63972.7,63972.7,63972.7,66434.9,66434.9,66434.9,1.33224e+07,1.33224e+07,1.33224e+07,1.38536e+07,1.38536e+07,1.38536e+07,431633,431633,431633,431542,431542,431542,9.87084e+07,9.87084e+07,9.87084e+07,446.06,446.06,446.06,529.191,529.191,529.191
140,640589,640589,640589,63981.3,63981.3,63981.3,66443.6,66443.6,66443.6,1.33242e+07,1.33242e+07,1.33242e+07,1.38555e+07,1.38555e+07,1.38555e+07,431641,431641,431641,431549,431549,431549,9.87083e+07,9.87083e+07,9.87083e+07,446.071,446.071,446.071,529.202,529.202,529.202
141,640737,640737,640737,63990.2,63990.2,63990.2,66452.6,66452.6,66452.6,1.3326e+07,1.3326e+07,1.3326e+07,1.38574e+07,1.38574e+07,1.38574e+07,431658,431658,431658,431564,431564,431564,9.87083e+07,9.87083e+07,9.87083e+07,446.091,446.091,446.091,529.223,529.223,529.223
142,640869,640869,640869,63999.2,63999.2,63999.2,66461.8,66461.8,66461.8,1.33277e+07,1.33277e+07,1.33277e+07,1.38592e+07,1.38592e+07,1.38592e+07,431685,431685,431685,431589,431589,431589,9.87085e+07,9.87085e+07,9.87085e+07,446.118,446.118,446.118,529.254,529.254,529.254
143,640985,640985,640985,64008.3,64008.3,64008.3,66471,66471,66471,1.33294e+07,1.33294e+07,1.33294e+07,1.38609e+07,1.38609e+07,1.38609e+07,431719,431719,431719,431622,431622,431622,9.87089e+07,9.87089e+07,9.87089e+07,446.154,446.154,446.154,529.295,529.295,529.295
144,641083,641083,641083,64017.3,64017.3,64017.3,66480.2,66480.2,66480.2,1.3331e+07,1.3331e+07,1.3331e+07,1.38625e+07,1.38625e+07,1.38625e+07,431762,431762,431762,431664,431664,431664,9.87096e+07,9.87096e+07,9.87096e+07,446.197,446.197,446.197,529.344,529.344,529.344
145,641161,641161,641161,64026.1,64026.1,64026.1,66489.2,66489.2,66489.2,1.33324e+07,1.33324e+07,1.33324e+07,1.38641e+07,1.38641e+07,1.38641e+07,431812,431812,431812,431714,431714,431714,9.87105e+07,9.87105e+07,9.87105e+07,446.247,446.247,446.247,529.402,529.402,529.402
146,641218,641218,641218,64034.6,64034.6,64034.6,66497.8,66497.8,66497.8,1.33337e+07,1.33337e+07,1.33337e+07,1.38654e+07,1.38654e+07,1.38654e+07,431870,431870,431870,431770,431770,431770,9.87117e+07,9.87117e+07,9.87117e+07,446.303,446.303,446.303,529.468,529.468,529.468
147,641255,641255,641255,64042.7,64042.7,64042.7,66506,66506,66506,1.33349e+07,1.33349e+07,1.33349e+07,1.38667e+07,1.38667e+07,1.38667e+07,431935,431935,431935,431833,431833,431833,9.87132e+07,9.87132e+07,9.87132e+07,446.366,446.366,446.366,529.541,529.541,529.541
148,641269,641269,641269,64050.3,64050.3,64050.3,66513.5,66513.5,66513.5,1.3336e+07,1.3336e+07,1.3336e+07,1.38678e+07,1.38678e+07,1.38678e+07,432006,432006,432006,431902,431902,431902,9.87151e+07,9.87151e+07,9.87151e+07,446.435,446.435,446.435,529.619,529.619,529.619
149,641262,641262,641262,64057.4,64057.4,64057.4,66520.3,66520.3,66520.3,1.33369e+07,1.33369e+07,1.33369e+07,1.38687e+07,1.38687e+07,1.38687e+07,432083,432083,432083,431975,431975,431975,9.87173e+07,9.87173e+07,9.87173e+07,446.507,446.507,446.507,529.702,529.702,529.702
150,641233,641233,641233,64063.7,64063.7,64063.7,66526.3,66526.3,66526.3,1.33376e+07,1.33376e+07,1.33376e+07,1.38694e+07,1.38694e+07,1.38694e+07,432163,432163,432163,432052,432052,432052,9.87199e+07,9.87199e+07,9.87199e+07,446.584,446.584,446.584,529.789,529.789,529.789
151,641184,641184,641184,64069.2,64069.2,64069.2,66531.4,66531.4,66531.4,1.33381e+07,1.33381e+07,1.33381e+07,1.387e+07,1.387e+07,1.387e+07,432247,432247,432247,432132,432132,432132,9.87229e+07,9.87229e+07,9.87229e+07,446.663,446.663,446.663,529.878,529.878,529.878
152,641114,641114,641114,64073.8,64073.8,64073.8,66535.6,66535.6,66535.6,1.33385e+07,1.33385e+07,1.33385e+07,1.38704e+07,1.38704e+07,1.38704e+07,432332,432332,432332,432213,432213,432213,9.87263e+07,9.87263e+07,9.87263e+07,446.744,446.744,446.744,529.969,529.969,529.969
153,641025,641025,641025,64077.4,64077.4,64077.4,66538.7,66538.7,66538.7,1.33387e+07,1.33387e+07,1.33387e+07,1.38706e+07,1.38706e+07,1.38706e+07,432419,432419,432419,432296,432296,432296,9.873e+07,9.873e+07,9.873e+07,446.825,446.825,446.825,530.06,530.06,530.06
154,640919,640919,640919,64080.1,64080.1,64080.1,66540.8,66540.8,66540.8,1.33388e+07,1.33388e+07,1.33388e+07,1.38706e+07,1.38706e+07,1.38706e+07,432505,432505,432505,432379,432379,432379,9.87341e+07,9.87341e+07,9.87341e+07,446.906,446.906,446.906,530.151,530.151,530.151
155,640797,640797,640797,64081.6,64081.6,64081.6,66541.8,66541.8,66541.8,1.33387e+07,1.33387e+07,1.33387e+07,1.38705e+07,1.38705e+07,1.38705e+07,432589,432589,432589,432460,432460,432460,9.87386e+07,9.87386e+07,9.87386e+07,446.984,446.984,446.984,530.24,530.24,530.24
156,640661,640661,640661,64082,64082,64082,66541.8,66541.8,66541.8,1.33384e+07,1.33384e+07,1.33384e+07,1.38702e+07,1.38702e+07,1.38702e+07,432671,432671,432671,432539,432539,432539,9.87434e+07,9.87434e+07,9.87434e+07,447.06,447.06,447.06,530.326,530.326,530.326
157,640513,640513,640513,64081.4,64081.4,64081.4,66540.8,66540.8,66540.8,1.3338e+07,1.3338e+07,1.3338e+07,1.38698e+07,1.38698e+07,1.38698e+07,432749,432749,432749,432616,432616,432616,9.87485e+07,9.87485e+07,9.87485e+07,447.132,447.132,447.132,530.408,530.408,530.408
158,640356,640356,640356,64079.7,64079.7,64079.7,66538.6,66538.6,66538.6,1.33375e+07,1.33375e+07,1.33375e+07,1.38692e+07,1.38692e+07,1.38692e+07,432822,432822,432822,432688,432688,432688,9.87539e+07,9.87539e+07,9.87539e+07,447.199,447.199,447.199,530.485,530.485,530.485
159,640192,640192,640192,64076.9,64076.9,64076.9,66535.5,66535.5,66535.5,1.33369e+07,1.33369e+07,1.33369e+07,1.38685e+07,1.38685e+07,1.38685e+07,432890,432890,432890,432755,432755,432755,9.87596e+07,9.87596e+07,9.87596e+07,447.261,447.261,447.261,530.557,530.557,530.557
160,640023,640023,640023,64073.2,64073.2,64073.2,66531.4,66531.4,66531.4,1.33361e+07,1.33361e+07,1.33361e+07,1.38677e+07,1.38677e+07,1.38677e+07,432952,432952,432952,432816,432816,432816,9.87655e+07,9.87655e+07,9.87655e+07,447.317,447.317,447.317,530.621,530.621,530.621
161,639852,639852,639852,64068.5,64068.5,64068.5,66526.4,66526.4,66526.4,1.33353e+07,1.33353e+07,1.33353e+07,1.38669e+07,1.38669e+07,1.38669e+07,433007,433007,433007,432871,432871,432871,9.87715e+07,9.87715e+07,9.87715e+07,447.365,447.365,447.365,530.678,530.678,530.678
162,639682,639682,639682,64063,64063,64063,66520.6,66520.6,66520.6,1.33345e+07,1.33345e+07,1.33345e+07,1.3866e+07,1.3866e+07,1.3866e+07,433055,433055,433055,432918,432918,432918,9.87776e+07,9.87776e+07,9.87776e+07,447.407,447.407,447.407,530.726,530.726,530.726
163,639515,639515,639515,64056.8,64056.8,64056.8,66514,66514,66514,1.33335e+07,1.33335e+07,1.33335e+07,1.3865e+07,1.3865e+07,1.3865e+07,433095,433095,433095,432957,432957,432957,9.87839e+07,9.87839e+07,9.87839e+07,447.441,447.441,447.441,530.766,530.766,530.766
164,639353,639353,639353,64049.9,64049.9,64049.9,66506.7,66506.7,66506.7,1.33326e+07,1.33326e+07,1.33326e+07,1.3864e+07,1.3864e+07,1.3864e+07,433126,433126,433126,432989,432989,432989,9.87902e+07,9.87902e+07,9.87902e+07,447.467,447.467,447.467,530.796,530.796,530.796
165,639200,639200,639200,64042.5,64042.5,64042.5,66498.9,66498.9,66498.9,1.33317e+07,1.33317e+07,1.33317e+07,1.3863e+07,1.3863e+07,1.3863e+07,433148,433148,433148,433011,433011,433011,9.87964e+07,9.87964e+07,9.87964e+07,447.485,447.485,447.485,530.816,530.816,530.816
166,639057,639057,639057,64034.6,64034.6,64034.6,66490.7,66490.7,66490.7,1.33308e+07,1.33308e+07,1.33308e+07,1.38621e+07,1.38621e+07,1.38621e+07,433162,433162,433162,433025,433025,433025,9.88027e+07,9.88027e+07,9.88027e+07,447.494,447.494,447.494,530.827,530.827,530.827
167,638927,638927,638927,64026.4,64026.4,64026.4,66482.2,66482.2,66482.2,1.33299e+07,1.33299e+07,1.33299e+07,1.38611e+07,1.38611e+07,1.38611e+07,433167,433167,433167,433031,433031,433031,9.88088e+07,9.88088e+07,9.88088e+07,447.495,447.495,447.495,530.829,530.829,530.829
168,638811,638811,638811,64017.9,64017.9,64017.9,66473.6,66473.6,66473.6,1.33291e+07,1.33291e+07,1.33291e+07,1.38603e+07,1.38603e+07,1.38603e+07,433162,433162,433162,433028,433028,433028,9.88148e+07,9.88148e+07,9.88148e+07,447.488,447.488,447.488,530.821,530.821,530.821
169,638712,638712,638712,64009.4,64009.4,64009.4,66464.9,66464.9,66464.9,1.33284e+07,1.33284e+07,1.33284e+07,1.38595e+07,1.38595e+07,1.38595e+07,433149,433149,433149,433017,433017,433017,9.88206e+07,9.88206e+07,9.88206e+07,447.473,447.473,447.473,530.805,530.805,530.805
170,638631,638631,638631,64000.9,64000.9,64000.9,66456.3,66456.3,66456.3,1.33277e+07,1.33277e+07,1.33277e+07,1.38588e+07,1.38588e+07,1.38588e+07,433128,433128,433128,432998,432998,432998,9.88261e+07,9.88261e+07,9.88261e+07,447.449,447.449,447.449,530.779,530.779,530.779
171,638568,638568,638568,63992.5,63992.5,63992.5,66448,66448,66448,1.33272e+07,1.33272e+07,1.33272e+07,1.38583e+07,1.38583e+07,1.38583e+07,433099,433099,433099,432972,432972,432972,9.88314e+07,9.88314e+07,9.88314e+07,447.419,447.419,447.419,530.746,530.746,530.746
172,638526,638526,638526,63984.4,63984.4,63984.4,66440.1,66440.1,66440.1,1.33268e+07,1.33268e+07,1.33268e+07,1.38578e+07,1.38578e+07,1.38578e+07,433063,433063,433063,432938,432938,432938,9.88364e+07,9.88364e+07,9.88364e+07,447.382,447.382,447.382,530.706,530.706,530.706
173,638505,638505,638505,63976.7,63976.7,63976.7,66432.6,66432.6,66432.6,1.33265e+07,1.33265e+07,1.33265e+07,1.38576e+07,1.38576e+07,1.38576e+07,433020,433020,433020,432899,432899,432899,9.88411e+07,9.88411e+07,9.88411e+07,447.34,447.34,447.34,530.659,530.659,530.659
174,638504,638504,638504,63969.6,63969.6,63969.6,66425.6,66425.6,66425.6,1.33264e+07,1.33264e+07,1.33264e+07,1.38574e+07,1.38574e+07,1.38574e+07,432972,432972,432972,432854,432854,432854,9.88454e+07,9.88454e+07,9.88454e+07,447.292,447.292,447.292,530.606,530.606,530.606
175,638525,638525,638525,63963.1,63963.1,63963.1,66419.4,66419.4,66419.4,1.33264e+07,1.33264e+07,1.33264e+07,1.38575e+07,1.38575e+07,1.38575e+07,432919,432919,432919,432804,432804,432804,9.88494e+07,9.88494e+07,9.88494e+07,447.24,447.24,447.24,530.549,530.549,530.549
176,638567,638567,638567,63957.3,63957.3,63957.3,66413.9,66413.9,66413.9,1.33266e+07,1.33266e+07,1.33266e+07,1.38577e+07,1.38577e+07,1.38577e+07,432862,432862,432862,432750,432750,432750,9.88529e+07,9.88529e+07,9.88529e+07,447.185,447.185,447.185,530.487,530.487,530.487
177,638629,638629,638629,63952.3,63952.3,63952.3,66409.2,66409.2,66409.2,1.3327e+07,1.3327e+07,1.3327e+07,1.38581e+07,1.38581e+07,1.38581e+07,432802,432802,432802,432693,432693,432693,9.88561e+07,9.88561e+07,9.88561e+07,447.127,447.127,447.127,530.423,530.423,530.423
178,638711,638711,638711,63948.2,63948.2,63948.2,66405.5,66405.5,66405.5,1.33275e+07,1.33275e+07,1.33275e+07,1.38586e+07,1.38586e+07,1.38586e+07,432740,432740,432740,432635,432635,432635,9.88588e+07,9.88588e+07,9.88588e+07,447.069,447.069,447.069,530.357,530.357,530.357
179,638812,638812,638812,63945.1,63945.1,63945.1,66402.7,66402.7,66402.7,1.33282e+07,1.33282e+07,1.33282e+07,1.38594e+07,1.38594e+07,1.38594e+07,432678,432678,432678,432575,432575,432575,9.88611e+07,9.88611e+07,9.88611e+07,447.01,447.01,447.01,530.291,530.291,530.291
180,638929,638929,638929,63943,63943,63943,66401,66401,66401,1.33291e+07,1.33291e+07,1.33291e+07,1.38603e+07,1.38603e+07,1.38603e+07,432616,432616,432616,432516,432516,432516,9.88631e+07,9.88631e+07,9.88631e+07,446.951,446.951,446.951,530.225,530.225,530.225
181,639062,639062,639062,63941.8,63941.8,63941.8,66400.3,66400.3,66400.3,1.33301e+07,1.33301e+07,1.33301e+07,1.38613e+07,1.38613e+07,1.38613e+07,432555,432555,432555,432458,432458,432458,9.88646e+07,9.88646e+07,9.88646e+07,446.894,446.894,446.894,530.161,530.161,530.161
182,639208,639208,639208,63941.8,63941.8,63941.8,66400.6,66400.6,66400.6,1.33312e+07,1.33312e+07,1.33312e+07,1.38626e+07,1.38626e+07,1.38626e+07,432497,432497,432497,432402,432402,432402,9.88658e+07,9.88658e+07,9.88658e+07,446.84,446.84,446.84,530.1,530.1,530.1
183,639366,639366,639366,63942.7,63942.7,63942.7,66402,66402,66402,1.33325e+07,1.33325e+07,1.33325e+07,1.38639e+07,1.38639e+07,1.38639e+07,432442,432442,432442,432349,432349,432349,9.88666e+07,9.88666e+07,9.88666e+07,446.789,446.789,446.789,530.044,530.044,530.044
184,639533,639533,639533,63944.6,63944.6,63944.6,66404.4,66404.4,66404.4,1.33339e+07,1.33339e+07,1.33339e+07,1.38654e+07,1.38654e+07,1.38654e+07,432391,432391,432391,432300,432300,432300,9.8867e+07,9.8867e+07,9.8867e+07,446.743,446.743,446.743,529.992,529.992,529.992
185,639707,639707,639707,63947.6,63947.6,63947.6,66407.8,66407.8,66407.8,1.33355e+07,1.33355e+07,1.33355e+07,1.3867e+07,1.3867e+07,1.3867e+07,432346,432346,432346,432257,432257,432257,9.88672e+07,9.88672e+07,9.88672e+07,446.702,446.702,446.702,529.946,529.946,529.946
186,639885,639885,639885,63951.5,63951.5,63951.5,66412.2,66412.2,66412.2,1.33371e+07,1.33371e+07,1.33371e+07,1.38687e+07,1.38687e+07,1.38687e+07,432306,432306,432306,432219,432219,432219,9.88671e+07,9.88671e+07,9.88671e+07,446.667,446.667,446.667,529.906,529.906,529.906
187,640065,640065,640065,63956.2,63956.2,63956.2,66417.4,66417.4,66417.4,1.33387e+07,1.33387e+07,1.33387e+07,1.38704e+07,1.38704e+07,1.38704e+07,432273,432273,432273,432187,432187,432187,9.88668e+07,9.88668e+07,9.88668e+07,446.638,446.638,446.638,529.874,529.874,529.874
188,640244,640244,640244,63961.8,63961.8,63961.8,66423.4,66423.4,66423.4,1.33405e+07,1.33405e+07,1.33405e+07,1.38723e+07,1.38723e+07,1.38723e+07,432248,432248,432248,432162,432162,432162,9.88662e+07,9.88662e+07,9.88662e+07,446.616,446.616,446.616,529.85,529.85,529.85
189,640420,640420,640420,63968.2,63968.2,63968.2,66430.1,66430.1,66430.1,1.33422e+07,1.33422e+07,1.33422e+07,1.38741e+07,1.38741e+07,1.38741e+07,432230,432230,432230,432145,432145,432145,9.88656e+07,9.88656e+07,9.88656e+07,446.602,446.602,446.602,529.834,529.834,529.834
190,640590,640590,640590,63975.2,63975.2,63975.2,66437.5,66437.5,66437.5,1.3344e+07,1.3344e+07,1.3344e+07,1.3876e+07,1.3876e+07,1.3876e+07,432221,432221,432221,432135,432135,432135,9.88648e+07,9.88648e+07,9.88648e+07,446.596,446.596,446.596,529.828,529.828,529.828
191,640752,640752,640752,63982.7,63982.7,63982.7,66445.3,66445.3,66445.3,1.33458e+07,1.33458e+07,1.33458e+07,1.38778e+07,1.38778e+07,1.38778e+07,432220,432220,432220,432134,432134,432134,9.88639e+07,9.88639e+07,9.88639e+07,446.598,446.598,446.598,529.83,529.83,529.83
192,640904,640904,640904,63990.7,63990.7,63990.7,66453.5,66453.5,66453.5,1.33476e+07,1.33476e+07,1.33476e+07,1.38797e+07,1.38797e+07,1.38797e+07,432228,432228,432228,432141,432141,432141,9.88631e+07,9.88631e+07,9.88631e+07,446.608,446.608,446.608,529.842,529.842,529.842
193,641042,641042,641042,63999,63999,63999,66462,66462,66462,1.33493e+07,1.33493e+07,1.33493e+07,1.38815e+07,1.38815e+07,1.38815e+07,432245,432245,432245,432157,432157,432157,9.88623e+07,9.88623e+07,9.88623e+07,446.627,446.627,446.627,529.863,529.863,529.863
194,641165,641165,641165,64007.5,64007.5,64007.5,66470.6,66470.6,66470.6,1.33509e+07,1.33509e+07,1.33509e+07,1.38832e+07,1.38832e+07,1.38832e+07,432271,432271,432271,432181,432181,432181,9.88615e+07,9.88615e+07,9.88615e+07,446.654,446.654,446.654,529.893,529.893,529.893
195,641272,641272,641272,64016.1,64016.1,64016.1,66479.3,66479.3,66479.3,1.33524e+07,1.33524e+07,1.33524e+07,1.38848e+07,1.38848e+07,1.38848e+07,432305,432305,432305,432213,432213,432213,9.88609e+07,9.88609e+07,9.88609e+07,446.688,446.688,446.688,529.932,529.932,529.932
196,641360,641360,641360,64024.6,64024.6,64024.6,66487.8,66487.8,66487.8,1.33539e+07,1.33539e+07,1.33539e+07,1.38863e+07,1.38863e+07,1.38863e+07,432347,432347,432347,432253,432253,432253,9.88604e+07,9.88604e+07,9.88604e+07,446.73,446.73,446.73,529.979,529.979,529.979
197,641428,641428,641428,64032.9,64032.9,64032.9,66496.1,66496.1,66496.1,1.33552e+07,1.33552e+07,1.33552e+07,1.38877e+07,1.38877e+07,1.38877e+07,432397,432397,432397,432300,432300,432300,9.88601e+07,9.88601e+07,9.88601e+07,446.779,446.779,446.779,530.035,530.035,530.035
198,641476,641476,641476,64040.9,64040.9,64040.9,66504,66504,66504,1.33564e+07,1.33564e+07,1.33564e+07,1.38889e+07,1.38889e+07,1.38889e+07,432454,432454,432454,432355,432355,432355,9.886e+07,9.886e+07,9.886e+07,446.835,446.835,446.835,530.097,530.097,530.097
199,641502,641502,641502,64048.5,64048.5,64048.5,66511.4,66511.4,66511.4,1.33575e+07,1.33575e+07,1.33575e+07,1.389e+07,1.389e+07,1.389e+07,432517,432517,432517,432415,432415,432415,9.88601e+07,9.88601e+07,9.88601e+07,446.896,446.896,446.896,530.167,530.167,530.167
200,641506,641506,641506,64055.5,64055.5,64055.5,66518.2,66518.2,66518.2,1.33584e+07,1.33584e+07,1.33584e+07,1.38909e+07,1.38909e+07,1.38909e+07,432586,432586,432586,432481,432481,432481,9.88605e+07,9.88605e+07,9.88605e+07,446.962,446.962,446.962,530.241,530.241,530.241
201,641488,641488,641488,64061.9,64061.9,64061.9,66524.3,66524.3,66524.3,1.33591e+07,1.33591e+07,1.33591e+07,1.38917e+07,1.38917e+07,1.38917e+07,432660,432660,432660,432551,432551,432551,9.88612e+07,9.88612e+07,9.88612e+07,447.032,447.032,447.032,530.321,530.321,530.321
202,641449,641449,641449,64067.4,64067.4,64067.4,66529.6,66529.6,66529.6,1.33596e+07,1.33596e+07,1.33596e+07,1.38922e+07,1.38922e+07,1.38922e+07,432737,432737,432737,432626,432626,432626,9.88623e+07,9.88623e+07,9.88623e+07,447.106,447.106,447.106,530.404,530.404,530.404
203,641388,641388,641388,64072.2,64072.2,64072.2,66534,66534,66534,1.336e+07,1.336e+07,1.336e+07,1.38926e+07,1.38926e+07,1.38926e+07,432817,432817,432817,432703,432703,432703,9.88636e+07,9.88636e+07,9.88636e+07,447.181,447.181,447.181,530.489,530.489,530.489
204,641306,641306,641306,64076,64076,64076,66537.4,66537.4,66537.4,1.33602e+07,1.33602e+07,1.33602e+07,1.38928e+07,1.38928e+07,1.38928e+07,432899,432899,432899,432781,432781,432781,9.88653e+07,9.88653e+07,9.88653e+07,447.258,447.258,447.258,530.576,530.576,530.576
205,641205,641205,641205,64078.8,64078.8,64078.8,66539.8,66539.8,66539.8,1.33602e+07,1.33602e+07,1.33602e+07,1.38928e+07,1.38928e+07,1.38928e+07,432981,432981,432981,432860,432860,432860,9.88672e+07,9.88672e+07,9.88672e+07,447.335,447.335,447.335,530.663,530.663,530.663
206,641087,641087,641087,64080.5,64080.5,64080.5,66541.1,66541.1,66541.1,1.336e+07,1.336e+07,1.336e+07,1.38926e+07,1.38926e+07,1.38926e+07,433063,433063,433063,432939,432939,432939,9.88695e+07,9.88695e+07,9.88695e+07,447.411,447.411,447.411,530.749,530.749,530.749
207,640952,640952,640952,64081.2,64081.2,64081.2,66541.3,66541.3,66541.3,1.33597e+07,1.33597e+07,1.33597e+07,1.38923e+07,1.38923e+07,1.38923e+07,433143,433143,433143,433017,433017,433017,9.88721e+07,9.88721e+07,9.88721e+07,447.485,447.485,447.485,530.833,530.833,530.833
208,640802,640802,640802,64080.8,64080.8,64080.8,66540.3,66540.3,66540.3,1.33592e+07,1.33592e+07,1.33592e+07,1.38917e+07,1.38917e+07,1.38917e+07,433221,433221,433221,433092,433092,433092,9.88749e+07,9.88749e+07,9.88749e+07,447.556,447.556,447.556,530.914,530.914,530.914
209,640641,640641,640641,64079.3,64079.3,64079.3,66538.3,66538.3,66538.3,1.33586e+07,1.33586e+07,1.33586e+07,1.3891e+07,1.3891e+07,1.3891e+07,433294,433294,433294,433163,433163,433163,9.88781e+07,9.88781e+07,9.88781e+07,447.624,447.624,447.624,530.99,530.99,530.99
210,640469,640469,640469,64076.7,64076.7,64076.7,66535.2,66535.2,66535.2,1.33578e+07,1.33578e+07,1.33578e+07,1.38902e+07,1.38902e+07,1.38902e+07,433364,433364,433364,433230,433230,433230,9.88814e+07,9.88814e+07,9.88814e+07,447.686,447.686,447.686,531.061,531.061,531.061
211,640290,640290,640290,64073,64073,64073,66531,66531,66531,1.33569e+07,1.33569e+07,1.33569e+07,1.38893e+07,1.38893e+07,1.38893e+07,433427,433427,433427,433292,433292,433292,9.8885e+07,9.8885e+07,9.8885e+07,447.743,447.743,447.743,531.126,531.126,531.126
212,640105,640105,640105,64068.4,64068.4,64068.4,66525.8,66525.8,66525.8,1.33559e+07,1.33559e+07,1.33559e+07,1.38882e+07,1.38882e+07,1.38882e+07,433484,433484,433484,433348,433348,433348,9.88887e+07,9.88887e+07,9.88887e+07,447.794,447.794,447.794,531.184,531.184,531.184
213,639918,639918,639918,64062.7,64062.7,64062.7,66519.7,66519.7,66519.7,1.33548e+07,1.33548e+07,1.33548e+07,1.3887e+07,1.3887e+07,1.3887e+07,433534,433534,433534,433397,433397,433397,9.88925e+07,9.88925e+07,9.88925e+07,447.837,447.837,447.837,531.233,531.233,531.233
214,639732,639732,639732,64056.2,64056.2,64056.2,66512.7,66512.7,66512.7,1.33537e+07,1.33537e+07,1.33537e+07,1.38858e+07,1.38858e+07,1.38858e+07,433577,433577,433577,433438,433438,433438,9.88965e+07,9.88965e+07,9.88965e+07,447.873,447.873,447.873,531.274,531.274,531.274
215,639547,639547,639547,64048.8,64048.8,64048.8,66504.9,66504.9,66504.9,1.33524e+07,1.33524e+07,1.33524e+07,1.38845e+07,1.38845e+07,1.38845e+07,433610,433610,433610,433472,433472,433472,9.89004e+07,9.89004e+07,9.89004e+07,447.901,447.901,447.901,531.306,531.306,531.306
216,639369,639369,639369,64040.8,64040.8,64040.8,66496.4,66496.4,66496.4,1.33512e+07,1.33512e+07,1.33512e+07,1.38832e+07,1.38832e+07,1.38832e+07,433635,433635,433635,433497,433497,433497,9.89044e+07,9.89044e+07,9.89044e+07,447.921,447.921,447.921,531.329,531.329,531.329
217,639198,639198,639198,64032.1,64032.1,64032.1,66487.4,66487.4,66487.4,1.335e+07,1.335e+07,1.335e+07,1.38819e+07,1.38819e+07,1.38819e+07,433651,433651,433651,433514,433514,433514,9.89084e+07,9.89084e+07,9.89084e+07,447.932,447.932,447.932,531.342,531.342,531.342
218,639036,639036,639036,64022.9,64022.9,64022.9,66477.9,66477.9,66477.9,1.33487e+07,1.33487e+07,1.33487e+07,1.38806e+07,1.38806e+07,1.38806e+07,433658,433658,433658,433521,433521,433521,9.89122e+07,9.89122e+07,9.89122e+07,447.934,447.934,447.934,531.345,531.345,531.345
219,638888,638888,638888,64013.4,64013.4,64013.4,66468.1,66468.1,66468.1,1.33475e+07,1.33475e+07,1.33475e+07,1.38793e+07,1.38793e+07,1.38793e+07,433656,433656,433656,433520,433520,433520,9.8916e+07,9.8916e+07,9.8916e+07,447.928,447.928,447.928,531.338,531.338,531.338
220,638753,638753,638753,64003.6,64003.6,64003.6,66458.1,66458.1,66458.1,1.33464e+07,1.33464e+07,1.33464e+07,1.38781e+07,1.38781e+07,1.38781e+07,433644,433644,433644,433510,433510,433510,9.89195e+07,9.89195e+07,9.89195e+07,447.913,447.913,447.913,531.321,531.321,531.321
221,638634,638634,638634,63993.7,63993.7,63993.7,66448,66448,66448,1.33453e+07,1.33453e+07,1.33453e+07,1.3877e+07,1.3877e+07,1.3877e+07,433624,433624,433624,433491,433491,433491,9.89229e+07,9.89229e+07,9.89229e+07,447.889,447.889,447.889,531.295,531.295,531.295
222,638533,638533,638533,63983.8,63983.8,63983.8,66438,66438,66438,1.33443e+07,1.33443e+07,1.33443e+07,1.38759e+07,1.38759e+07,1.38759e+07,433595,433595,433595,433464,433464,433464,9.8926e+07,9.8926e+07,9.8926e+07,447.858,447.858,447.858,531.261,531.261,531.261
223,638451,638451,638451,63974,63974,63974,66428.2,66428.2,66428.2,1.33434e+07,1.33434e+07,1.33434e+07,1.3875e+07,1.3875e+07,1.3875e+07,433558,433558,433558,433430,433430,433430,9.89287e+07,9.89287e+07,9.89287e+07,447.82,447.82,447.82,531.217,531.217,531.217
224,638389,638389,638389,63964.5,63964.5,63964.5,66418.6,66418.6,66418.6,1.33426e+07,1.33426e+07,1.33426e+07,1.38742e+07,1.38742e+07,1.38742e+07,433513,433513,433513,433388,433388,433388,9.89312e+07,9.89312e+07,9.89312e+07,447.774,447.774,447.774,531.166,531.166,531.166
225,638347,638347,638347,63955.3,63955.3,63955.3,66409.5,66409.5,66409.5,1.3342e+07,1.3342e+07,1.3342e+07,1.38735e+07,1.38735e+07,1.38735e+07,433462,433462,433462,433339,433339,433339,9.89334e+07,9.89334e+07,9.89334e+07,447.723,447.723,447.723,531.108,531.108,531.108
226,638327,638327,638327,63946.7,63946.7,63946.7,66401,66401,66401,1.33415e+07,1.33415e+07,1.33415e+07,1.3873e+07,1.3873e+07,1.3873e+07,433405,433405,433405,433285,433285,433285,9.89351e+07,9.89351e+07,9.89351e+07,447.666,447.666,447.666,531.044,531.044,531.044
227,638327,638327,638327,63938.6,63938.6,63938.6,66393.1,66393.1,66393.1,1.33411e+07,1.33411e+07,1.33411e+07,1.38726e+07,1.38726e+07,1.38726e+07,433342,433342,433342,433225,433225,433225,9.89365e+07,9.89365e+07,9.89365e+07,447.604,447.604,447.604,530.975,530.975,530.975
228,638349,638349,638349,63931.2,63931.2,63931.2,66385.9,66385.9,66385.9,1.33409e+07,1.33409e+07,1.33409e+07,1.38725e+07,1.38725e+07,1.38725e+07,433275,433275,433275,433162,433162,433162,9.89374e+07,9.89374e+07,9.89374e+07,447.539,447.539,447.539,530.901,530.901,530.901
229,638391,638391,638391,63924.6,63924.6,63924.6,66379.6,66379.6,66379.6,1.33409e+07,1.33409e+07,1.33409e+07,1.38724e+07,1.38724e+07,1.38724e+07,433205,433205,433205,433095,433095,433095,9.89379e+07,9.89379e+07,9.89379e+07,447.471,447.471,447.471,530.825,530.825,530.825
230,638453,638453,638453,63918.9,63918.9,63918.9,66374.1,66374.1,66374.1,1.3341e+07,1.3341e+07,1.3341e+07,1.38726e+07,1.38726e+07,1.38726e+07,433133,433133,433133,433026,433026,433026,9.8938e+07,9.8938e+07,9.8938e+07,447.401,447.401,447.401,530.746,530.746,530.746
231,638534,638534,638534,63914.1,63914.1,63914.1,66369.6,66369.6,66369.6,1.33413e+07,1.33413e+07,1.33413e+07,1.38729e+07,1.38729e+07,1.38729e+07,433060,433060,433060,432956,432956,432956,9.89377e+07,9.89377e+07,9.89377e+07,447.331,447.331,447.331,530.667,530.667,530.667
232,638631,638631,638631,63910.2,63910.2,63910.2,66366.1,66366.1,66366.1,1.33418e+07,1.33418e+07,1.33418e+07,1.38734e+07,1.38734e+07,1.38734e+07,432987,432987,432987,432885,432885,432885,9.8937e+07,9.8937e+07,9.8937e+07,447.261,447.261,447.261,530.588,530.588,530.588
233,638745,638745,638745,63907.4,63907.4,63907.4,66363.7,66363.7,66363.7,1.33424e+07,1.33424e+07,1.33424e+07,1.3874e+07,1.3874e+07,1.3874e+07,432915,432915,432915,432816,432816,432816,9.89358e+07,9.89358e+07,9.89358e+07,447.193,447.193,447.193,530.51,530.51,530.51
234,638872,638872,638872,63905.5,63905.5,63905.5,66362.2,66362.2,66362.2,1.33432e+07,1.33432e+07,1.33432e+07,1.38748e+07,1.38748e+07,1.38748e+07,432845,432845,432845,432748,432748,432748,9.89343e+07,9.89343e+07,9.89343e+07,447.126,447.126,447.126,530.435,530.435,530.435
235,639011,639011,639011,63904.7,63904.7,63904.7,66361.8,66361.8,66361.8,1.33441e+07,1.33441e+07,1.33441e+07,1.38758e+07,1.38758e+07,1.38758e+07,432778,432778,432778,432684,432684,432684,9.89324e+07,9.89324e+07,9.89324e+07,447.063,447.063,447.063,530.364,530.364,530.364
236,639160,639160,639160,63904.9,63904.9,63904.9,66362.4,66362.4,66362.4,1.33451e+07,1.33451e+07,1.33451e+07,1.38769e+07,1.38769e+07,1.38769e+07,432715,432715,432715,432623,432623,432623,9.89301e+07,9.89301e+07,9.89301e+07,447.005,447.005,447.005,530.297,530.297,530.297
237,639316,639316,639316,63906.1,63906.1,63906.1,66364,66364,66364,1.33462e+07,1.33462e+07,1.33462e+07,1.3878e+07,1.3878e+07,1.3878e+07,432657,432657,432657,432566,432566,432566,9.89275e+07,9.89275e+07,9.89275e+07,446.951,446.951,446.951,530.236,530.236,530.236
238,639477,639477,639477,63908.3,63908.3,63908.3,66366.5,66366.5,66366.5,1.33474e+07,1.33474e+07,1.33474e+07,1.38793e+07,1.38793e+07,1.38793e+07,432604,432604,432604,432515,432515,432515,9.89247e+07,9.89247e+07,9.89247e+07,446.903,446.903,446.903,530.181,530.181,530.181
239,639640,639640,639640,63911.3,63911.3,63911.3,66369.9,66369.9,66369.9,1.33487e+07,1.33487e+07,1.33487e+07,1.38807e+07,1.38807e+07,1.38807e+07,432559,432559,432559,432471,432471,432471,9.89217e+07,9.89217e+07,9.89217e+07,446.861,446.861,446.861,530.133,530.133,530.133
240,639803,639803,639803,63915.1,63915.1,63915.1,66374.1,66374.1,66374.1,1.335e+07,1.335e+07,1.335e+07,1.38821e+07,1.38821e+07,1.38821e+07,432520,432520,432520,432433,432433,432433,9.89184e+07,9.89184e+07,9.89184e+07,446.826,446.826,446.826,530.093,530.093,530.093
241,639963,639963,639963,63919.7,63919.7,63919.7,66379,66379,66379,1.33514e+07,1.33514e+07,1.33514e+07,1.38836e+07,1.38836e+07,1.38836e+07,432489,432489,432489,432402,432402,432402,9.8915e+07,9.8915e+07,9.8915e+07,446.798,446.798,446.798,530.062,530.062,530.062
242,640118,640118,640118,63925,63925,63925,66384.5,66384.5,66384.5,1.33528e+07,1.33528e+07,1.33528e+07,1.3885e+07,1.3885e+07,1.3885e+07,432466,432466,432466,432379,432379,432379,9.89115e+07,9.89115e+07,9.89115e+07,446.778,446.778,446.778,530.039,530.039,530.039
243,640265,640265,640265,63930.8,63930.8,63930.8,66390.6,66390.6,66390.6,1.33542e+07,1.33542e+07,1.33542e+07,1.38865e+07,1.38865e+07,1.38865e+07,432451,432451,432451,432364,432364,432364,9.8908e+07,9.8908e+07,9.8908e+07,446.766,446.766,446.766,530.025,530.025,530.025
244,640402,640402,640402,63937,63937,63937,66397.1,66397.1,66397.1,1.33556e+07,1.33556e+07,1.33556e+07,1.3888e+07,1.3888e+07,1.3888e+07,432445,432445,432445,432357,432357,432357,9.89045e+07,9.89045e+07,9.89045e+07,446.763,446.763,446.763,530.02,530.02,530.02
245,640527,640527,640527,63943.7,63943.7,63943.7,66403.8,66403.8,66403.8,1.3357e+07,1.3357e+07,1.3357e+07,1.38894e+07,1.38894e+07,1.38894e+07,432448,432448,432448,432359,432359,432359,9.89009e+07,9.89009e+07,9.89009e+07,446.767,446.767,446.767,530.024,530.024,530.024
246,640638,640638,640638,63950.5,63950.5,63950.5,66410.8,66410.8,66410.8,1.33583e+07,1.33583e+07,1.33583e+07,1.38907e+07,1.38907e+07,1.38907e+07,432460,432460,432460,432369,432369,432369,9.88975e+07,9.88975e+07,9.88975e+07,446.78,446.78,446.78,530.038,530.038,530.038
247,640732,640732,640732,63957.5,63957.5,63957.5,66417.8,66417.8,66417.8,1.33595e+07,1.33595e+07,1.33595e+07,1.3892e+07,1.3892e+07,1.3892e+07,432480,432480,432480,432388,432388,432388,9.88943e+07,9.88943e+07,9.88943e+07,446.8,446.8,446.8,530.06,530.06,530.06
248,640808,640808,640808,63964.4,63964.4,63964.4,66424.7,66424.7,66424.7,1.33606e+07,1.33606e+07,1.33606e+07,1.38931e+07,1.38931e+07,1.38931e+07,432508,432508,432508,432414,432414,432414,9.88911e+07,9.88911e+07,9.88911e+07,446.828,446.828,446.828,530.092,530.092,530.092
249,640866,640866,640866,63971.1,63971.1,63971.1,66431.4,66431.4,66431.4,1.33615e+07,1.33615e+07,1.33615e+07,1.38942e+07,1.38942e+07,1.38942e+07,432545,432545,432545,432448,432448,432448,9.88883e+07,9.88883e+07,9.88883e+07,446.864,446.864,446.864,530.131,530.131,530.131
250,640903,640903,640903,63977.6,63977.6,63977.6,66437.7,66437.7,66437.7,1.33624e+07,1.33624e+07,1.33624e+07,1.38951e+07,1.38951e+07,1.38951e+07,432588,432588,432588,432488,432488,432488,9.88856e+07,9.88856e+07,9.88856e+07,446.905,446.905,446.905,530.177,530.177,530.177
251,640919,640919,640919,63983.7,63983.7,63983.7,66443.6,66443.6,66443.6,1.33631e+07,1.33631e+07,1.33631e+07,1.38958e+07,1.38958e+07,1.38958e+07,432638,432638,432638,432535,432535,432535,9.88832e+07,9.88832e+07,9.88832e+07,446.953,446.953,446.953,530.23,530.23,530.23
252,640913,640913,640913,63989.3,63989.3,63989.3,66448.9,66448.9,66448.9,1.33637e+07,1.33637e+07,1.33637e+07,1.38964e+07,1.38964e+07,1.38964e+07,432693,432693,432693,432588,432588,432588,9.88812e+07,9.88812e+07,9.88812e+07,447.005,447.005,447.005,530.289,530.289,530.289
253,640887,640887,640887,63994.2,63994.2,63994.2,66453.6,66453.6,66453.6,1.33641e+07,1.33641e+07,1.33641e+07,1.38968e+07,1.38968e+07,1.38968e+07,432753,432753,432753,432645,432645,432645,9.88795e+07,9.88795e+07,9.88795e+07,447.062,447.062,447.062,530.353,530.353,530.353
254,640838,640838,640838,63998.4,63998.4,63998.4,66457.5,66457.5,66457.5,1.33643e+07,1.33643e+07,1.33643e+07,1.38971e+07,1.38971e+07,1.38971e+07,432817,432817,432817,432706,432706,432706,9.88781e+07,9.88781e+07,9.88781e+07,447.123,447.123,447.123,530.42,530.42,530.42
255,640769,640769,640769,64001.9,64001.9,64001.9,66460.5,66460.5,66460.5,1.33644e+07,1.33644e+07,1.33644e+07,1.38971e+07,1.38971e+07,1.38971e+07,432885,432885,432885,432770,432770,432770,9.88771e+07,9.88771e+07,9.88771e+07,447.185,447.185,447.185,530.491,530.491,530.491
256,640680,640680,640680,64004.4,64004.4,64004.4,66462.6,66462.6,66462.6,1.33643e+07,1.33643e+07,1.33643e+07,1.3897e+07,1.3897e+07,1.3897e+07,432954,432954,432954,432836,432836,432836,9.88765e+07,9.88765e+07,9.88765e+07,447.249,447.249,447.249,530.563,530.563,530.563
257,640572,640572,640572,64005.9,64005.9,64005.9,66463.7,66463.7,66463.7,1.3364e+07,1.3364e+07,1.3364e+07,1.38967e+07,1.38967e+07,1.38967e+07,433023,433023,433023,432903,432903,432903,9.88762e+07,9.88762e+07,9.88762e+07,447.314,447.314,447.314,530.635,530.635,530.635
258,640446,640446,640446,64006.5,64006.5,64006.5,66463.8,66463.8,66463.8,1.33636e+07,1.33636e+07,1.33636e+07,1.38962e+07,1.38962e+07,1.38962e+07,433093,433093,433093,432970,432970,432970,9.88763e+07,9.88763e+07,9.88763e+07,447.377,447.377,447.377,530.707,530.707,530.707
259,640305,640305,640305,64006.1,64006.1,64006.1,66462.8,66462.8,66462.8,1.3363e+07,1.3363e+07,1.3363e+07,1.38956e+07,1.38956e+07,1.38956e+07,433161,433161,433161,433036,433036,433036,9.88768e+07,9.88768e+07,9.88768e+07,447.44,447.44,447.44,530.777,530.777,530.777
260,640149,640149,640149,64004.5,64004.5,64004.5,66460.7,66460.7,66460.7,1.33622e+07,1.33622e+07,1.33622e+07,1.38948e+07,1.38948e+07,1.38948e+07,433227,433227,433227,433099,433099,433099,9.88776e+07,9.88776e+07,9.88776e+07,447.499,447.499,447.499,530.844,530.844,530.844
261,639981,639981,639981,64002,64002,64002,66457.6,66457.6,66457.6,1.33613e+07,1.33613e+07,1.33613e+07,1.38938e+07,1.38938e+07,1.38938e+07,433290,433290,433290,433159,433159,433159,9.88788e+07,9.88788e+07,9.88788e+07,447.555,447.555,447.555,530.907,530.907,530.907
262,639804,639804,639804,63998.4,63998.4,63998.4,66453.5,66453.5,66453.5,1.33603e+07,1.33603e+07,1.33603e+07,1.38927e+07,1.38927e+07,1.38927e+07,433348,433348,433348,433215,433215,433215,9.88802e+07,9.88802e+07,9.88802e+07,447.607,447.607,447.607,530.965,530.965,530.965
263,639620,639620,639620,63993.7,63993.7,63993.7,66448.3,66448.3,66448.3,1.33592e+07,1.33592e+07,1.33592e+07,1.38915e+07,1.38915e+07,1.38915e+07,433401,433401,433401,433267,433267,433267,9.8882e+07,9.8882e+07,9.8882e+07,447.653,447.653,447.653,531.017,531.017,531.017
264,639431,639431,639431,63988.1,63988.1,63988.1,66442.2,66442.2,66442.2,1.33579e+07,1.33579e+07,1.33579e+07,1.38902e+07,1.38902e+07,1.38902e+07,433447,433447,433447,433312,433312,433312,9.8884e+07,9.8884e+07,9.8884e+07,447.693,447.693,447.693,531.063,531.063,531.063
265,639239,639239,639239,63981.6,63981.6,63981.6,66435.1,66435.1,66435.1,1.33566e+07,1.33566e+07,1.33566e+07,1.38888e+07,1.38888e+07,1.38888e+07,433487,433487,433487,433351,433351,433351,9.88862e+07,9.88862e+07,9.88862e+07,447.727,447.727,447.727,531.1,531.1,531.1
266,639049,639049,639049,63974.2,63974.2,63974.2,66427.3,66427.3,66427.3,1.33552e+07,1.33552e+07,1.33552e+07,1.38874e+07,1.38874e+07,1.38874e+07,433520,433520,433520,433383,433383,433383,9.88885e+07,9.88885e+07,9.88885e+07,447.753,447.753,447.753,531.13,531.13,531.13
267,638861,638861,638861,63966.1,63966.1,63966.1,66418.7,66418.7,66418.7,1.33538e+07,1.33538e+07,1.33538e+07,1.38859e+07,1.38859e+07,1.38859e+07,433544,433544,433544,433407,433407,433407,9.8891e+07,9.8891e+07,9.8891e+07,447.772,447.772,447.772,531.151,531.151,531.151
268,638679,638679,638679,63957.3,63957.3,63957.3,66409.5,66409.5,66409.5,1.33523e+07,1.33523e+07,1.33523e+07,1.38843e+07,1.38843e+07,1.38843e+07,433560,433560,433560,433423,433423,433423,9.88937e+07,9.88937e+07,9.88937e+07,447.782,447.782,447.782,531.163,531.163,531.163
269,638505,638505,638505,63948,63948,63948,66399.8,66399.8,66399.8,1.33509e+07,1.33509e+07,1.33509e+07,1.38828e+07,1.38828e+07,1.38828e+07,433567,433567,433567,433430,433430,433430,9.88963e+07,9.88963e+07,9.88963e+07,447.784,447.784,447.784,531.165,531.165,531.165
270,638342,638342,638342,63938.2,63938.2,63938.2,66389.7,66389.7,66389.7,1.33495e+07,1.33495e+07,1.33495e+07,1.38813e+07,1.38813e+07,1.38813e+07,433565,433565,433565,433429,433429,433429,9.8899e+07,9.8899e+07,9.8899e+07,447.778,447.778,447.778,531.158,531.158,531.158
271,638191,638191,638191,63928.1,63928.1,63928.1,66379.3,66379.3,66379.3,1.33481e+07,1.33481e+07,1.33481e+07,1.38799e+07,1.38799e+07,1.38799e+07,433554,433554,433554,433420,433420,433420,9.89017e+07,9.89017e+07,9.89017e+07,447.763,447.763,447.763,531.142,531.142,531.142
272,638056,638056,638056,63917.8,63917.8,63917.8,66368.8,66368.8,66368.8,1.33468e+07,1.33468e+07,1.33468e+07,1.38785e+07,1.38785e+07,1.38785e+07,433534,433534,433534,433401,433401,433401,9.89042e+07,9.89042e+07,9.89042e+07,447.74,447.74,447.74,531.116,531.116,531.116
273,637937,637937,637937,63907.4,63907.4,63907.4,66358.3,66358.3,66358.3,1.33455e+07,1.33455e+07,1.33455e+07,1.38772e+07,1.38772e+07,1.38772e+07,433506,433506,433506,433375,433375,433375,9.89067e+07,9.89067e+07,9.89067e+07,447.709,447.709,447.709,531.081,531.081,531.081
274,637836,637836,637836,63897.1,63897.1,63897.1,66347.9,66347.9,66347.9,1.33444e+07,1.33444e+07,1.33444e+07,1.3876e+07,1.3876e+07,1.3876e+07,433469,433469,433469,433341,433341,433341,9.89091e+07,9.89091e+07,9.89091e+07,447.671,447.671,447.671,531.038,531.038,531.038
275,637755,637755,637755,63887,63887,63887,66337.7,66337.7,66337.7,1.33433e+07,1.33433e+07,1.33433e+07,1.38749e+07,1.38749e+07,1.38749e+07,433425,433425,433425,433299,433299,433299,9.89112e+07,9.89112e+07,9.89112e+07,447.625,447.625,447.625,530.986,530.986,530.986
276,637695,637695,637695,63877.1,63877.1,63877.1,66327.9,66327.9,66327.9,1.33424e+07,1.33424e+07,1.33424e+07,1.38739e+07,1.38739e+07,1.38739e+07,433373,433373,433373,433250,433250,433250,9.89132e+07,9.89132e+07,9.89132e+07,447.573,447.573,447.573,530.927,530.927,530.927
277,637657,637657,637657,63867.8,63867.8,63867.8,66318.6,66318.6,66318.6,1.33417e+07,1.33417e+07,1.33417e+07,1.38732e+07,1.38732e+07,1.38732e+07,433315,433315,433315,433195,433195,433195,9.89149e+07,9.89149e+07,9.89149e+07,447.514,447.514,447.514,530.862,530.862,530.862
278,637640,637640,637640,63859,63859,63859,66310,66310,66310,1.33411e+07,1.33411e+07,1.33411e+07,1.38725e+07,1.38725e+07,1.38725e+07,433251,433251,433251,433134,433134,433134,9.89163e+07,9.89163e+07,9.89163e+07,447.451,447.451,447.451,530.79,530.79,530.79
279,637646,637646,637646,63850.8,63850.8,63850.8,66302,66302,66302,1.33407e+07,1.33407e+07,1.33407e+07,1.38721e+07,1.38721e+07,1.38721e+07,433182,433182,433182,433068,433068,433068,9.89175e+07,9.89175e+07,9.89175e+07,447.384,447.384,447.384,530.714,530.714,530.714
280,637673,637673,637673,63843.5,63843.5,63843.5,66294.9,66294.9,66294.9,1.33404e+07,1.33404e+07,1.33404e+07,1.38718e+07,1.38718e+07,1.38718e+07,433109,433109,433109,432999,432999,432999,9.89184e+07,9.89184e+07,9.89184e+07,447.313,447.313,447.313,530.634,530.634,530.634
281,637723,637723,637723,63837,63837,63837,66288.7,66288.7,66288.7,1.33403e+07,1.33403e+07,1.33403e+07,1.38718e+07,1.38718e+07,1.38718e+07,433034,433034,433034,432926,432926,432926,9.8919e+07,9.8919e+07,9.8919e+07,447.24,447.24,447.24,530.552,530.552,530.552
282,637793,637793,637793,63831.4,63831.4,63831.4,66283.5,66283.5,66283.5,1.33404e+07,1.33404e+07,1.33404e+07,1.38719e+07,1.38719e+07,1.38719e+07,432956,432956,432956,432852,432852,432852,9.89193e+07,9.89193e+07,9.89193e+07,447.165,447.165,447.165,530.468,530.468,530.468
283,637883,637883,637883,63826.9,63826.9,63826.9,66279.3,66279.3,66279.3,1.33407e+07,1.33407e+07,1.33407e+07,1.38722e+07,1.38722e+07,1.38722e+07,432877,432877,432877,432777,432777,432777,9.89193e+07,9.89193e+07,9.89193e+07,447.09,447.09,447.09,530.383,530.383,530.383
284,637992,637992,637992,63823.4,63823.4,63823.4,66276.2,66276.2,66276.2,1.33411e+07,1.33411e+07,1.33411e+07,1.38727e+07,1.38727e+07,1.38727e+07,432799,432799,432799,432702,432702,432702,9.89191e+07,9.89191e+07,9.89191e+07,447.016,447.016,447.016,530.299,530.299,530.299
285,638118,638118,638118,63821,63821,63821,66274.2,66274.2,66274.2,1.33418e+07,1.33418e+07,1.33418e+07,1.38733e+07,1.38733e+07,1.38733e+07,432722,432722,432722,432628,432628,432628,9.89185e+07,9.89185e+07,9.89185e+07,446.944,446.944,446.944,530.217,530.217,530.217
286,638260,638260,638260,63819.7,63819.7,63819.7,66273.4,66273.4,66273.4,1.33426e+07,1.33426e+07,1.33426e+07,1.38742e+07,1.38742e+07,1.38742e+07,432648,432648,432648,432556,432556,432556,9.89177e+07,9.89177e+07,9.89177e+07,446.874,446.874,446.874,530.138,530.138,530.138
287,638415,638415,638415,63819.6,63819.6,63819.6,66273.8,66273.8,66273.8,1.33435e+07,1.33435e+07,1.33435e+07,1.38752e+07,1.38752e+07,1.38752e+07,432577,432577,432577,432488,432488,432488,9.89167e+07,9.89167e+07,9.89167e+07,446.808,446.808,446.808,530.064,530.064,530.064
288,638581,638581,638581,63820.5,63820.5,63820.5,66275.3,66275.3,66275.3,1.33446e+07,1.33446e+07,1.33446e+07,1.38763e+07,1.38763e+07,1.38763e+07,432510,432510,432510,432424,432424,432424,9.89155e+07,9.89155e+07,9.89155e+07,446.746,446.746,446.746,529.994,529.994,529.994
289,638755,638755,638755,63822.7,63822.7,63822.7,66277.8,66277.8,66277.8,1.33458e+07,1.33458e+07,1.33458e+07,1.38776e+07,1.38776e+07,1.38776e+07,432449,432449,432449,432365,432365,432365,9.8914e+07,9.8914e+07,9.8914e+07,446.69,446.69,446.69,529.931,529.931,529.931
290,638936,638936,638936,63825.8,63825.8,63825.8,66281.5,66281.5,66281.5,1.33471e+07,1.33471e+07,1.33471e+07,1.3879e+07,1.3879e+07,1.3879e+07,432395,432395,432395,432312,432312,432312,9.89125e+07,9.89125e+07,9.89125e+07,446.64,446.64,446.64,529.874,529.874,529.874
291,639121,639121,639121,63830.1,63830.1,63830.1,66286.2,66286.2,66286.2,1.33486e+07,1.33486e+07,1.33486e+07,1.38805e+07,1.38805e+07,1.38805e+07,432347,432347,432347,432266,432266,432266,9.89108e+07,9.89108e+07,9.89108e+07,446.598,446.598,446.598,529.826,529.826,529.826
292,639306,639306,639306,63835.3,63835.3,63835.3,66291.9,66291.9,66291.9,1.33501e+07,1.33501e+07,1.33501e+07,1.38821e+07,1.38821e+07,1.38821e+07,432308,432308,432308,432227,432227,432227,9.8909e+07,9.8909e+07,9.8909e+07,446.563,446.563,446.563,529.787,529.787,529.787
293,639490,639490,639490,63841.4,63841.4,63841.4,66298.4,66298.4,66298.4,1.33516e+07,1.33516e+07,1.33516e+07,1.38837e+07,1.38837e+07,1.38837e+07,432277,432277,432277,432197,432197,432197,9.89072e+07,9.89072e+07,9.89072e+07,446.536,446.536,446.536,529.757,529.757,529.757
294,639669,639669,639669,63848.2,63848.2,63848.2,66305.6,66305.6,66305.6,1.33532e+07,1.33532e+07,1.33532e+07,1.38854e+07,1.38854e+07,1.38854e+07,432255,432255,432255,432175,432175,432175,9.89054e+07,9.89054e+07,9.89054e+07,446.518,446.518,446.518,529.736,529.736,529.736
295,639842,639842,639842,63855.8,63855.8,63855.8,66313.5,66313.5,66313.5,1.33548e+07,1.33548e+07,1.33548e+07,1.38871e+07,1.38871e+07,1.38871e+07,432242,432242,432242,432162,432162,432162,9.89036e+07,9.89036e+07,9.89036e+07,446.509,446.509,446.509,529.726,529.726,529.726
296,640005,640005,640005,63863.9,63863.9,63863.9,66321.9,66321.9,66321.9,1.33564e+07,1.33564e+07,1.33564e+07,1.38888e+07,1.38888e+07,1.38888e+07,432239,432239,432239,432158,432158,432158,9.8902e+07,9.8902e+07,9.8902e+07,446.509,446.509,446.509,529.726,529.726,529.726
297,640157,640157,640157,63872.5,63872.5,63872.5,66330.8,66330.8,66330.8,1.3358e+07,1.3358e+07,1.3358e+07,1.38904e+07,1.38904e+07,1.38904e+07,432245,432245,432245,432163,432163,432163,9.89004e+07,9.89004e+07,9.89004e+07,446.518,446.518,446.518,529.735,529.735,529.735
298,640294,640294,640294,63881.3,63881.3,63881.3,66339.8,66339.8,66339.8,1.33596e+07,1.33596e+07,1.33596e+07,1.3892e+07,1.3892e+07,1.3892e+07,432261,432261,432261,432177,432177,432177,9.88991e+07,9.88991e+07,9.88991e+07,446.535,446.535,446.535,529.755,529.755,529.755
299,640417,640417,640417,63890.4,63890.4,63890.4,66349.1,66349.1,66349.1,1.3361e+07,1.3361e+07,1.3361e+07,1.38936e+07,1.38936e+07,1.38936e+07,432285,432285,432285,432200,432200,432200,9.88979e+07,9.88979e+07,9.88979e+07,446.562,446.562,446.562,529.785,529.785,529.785
300,640522,640522,640522,63899.6,63899.6,63899.6,66358.3,66358.3,66358.3,1.33624e+07,1.33624e+07,1.33624e+07,1.3895e+07,1.3895e+07,1.3895e+07,432319,432319,432319,432232,432232,432232,9.8897e+07,9.8897e+07,9.8897e+07,446.596,446.596,446.596,529.823,529.823,529.823
301,640609,640609,640609,63908.6,63908.6,63908.6,66367.4,66367.4,66367.4,1.33637e+07,1.33637e+07,1.33637e+07,1.38964e+07,1.38964e+07,1.38964e+07,432360,432360,432360,432271,432271,432271,9.88964e+07,9.88964e+07,9.88964e+07,446.638,446.638,446.638,529.871,529.871,529.871
302,640676,640676,640676,63917.5,63917.5,63917.5,66376.3,66376.3,66376.3,1.33649e+07,1.33649e+07,1.33649e+07,1.38976e+07,1.38976e+07,1.38976e+07,432410,432410,432410,432318,432318,432318,9.88961e+07,9.88961e+07,9.88961e+07,446.687,446.687,446.687,529.926,529.926,529.926
303,640722,640722,640722,63926.1,63926.1,63926.1,66384.8,66384.8,66384.8,1.33659e+07,1.33659e+07,1.33659e+07,1.38986e+07,1.38986e+07,1.38986e+07,432467,432467,432467,432372,432372,432372,9.88961e+07,9.88961e+07,9.88961e+07,446.743,446.743,446.743,529.989,529.989,529.989
304,640747,640747,640747,63934.3,63934.3,63934.3,66392.9,66392.9,66392.9,1.33668e+07,1.33668e+07,1.33668e+07,1.38996e+07,1.38996e+07,1.38996e+07,432530,432530,432530,432433,432433,432433,9.88965e+07,9.88965e+07,9.88965e+07,446.804,446.804,446.804,530.059,530.059,530.059
305,640751,640751,640751,63941.9,63941.9,63941.9,66400.3,66400.3,66400.3,1.33675e+07,1.33675e+07,1.33675e+07,1.39003e+07,1.39003e+07,1.39003e+07,432598,432598,432598,432498,432498,432498,9.88973e+07,9.88973e+07,9.88973e+07,446.871,446.871,446.871,530.134,530.134,530.134
306,640734,640734,640734,63948.9,63948.9,63948.9,66407,66407,66407,1.33681e+07,1.33681e+07,1.33681e+07,1.39009e+07,1.39009e+07,1.39009e+07,432672,432672,432672,432569,432569,432569,9.88985e+07,9.88985e+07,9.88985e+07,446.941,446.941,446.941,530.214,530.214,530.214
307,640696,640696,640696,63955.1,63955.1,63955.1,66413,66413,66413,1.33685e+07,1.33685e+07,1.33685e+07,1.39014e+07,1.39014e+07,1.39014e+07,432749,432749,432749,432643,432643,432643,9.89001e+07,9.89001e+07,9.89001e+07,447.015,447.015,447.015,530.298,530.298,530.298
308,640637,640637,640637,63960.5,63960.5,63960.5,66418.1,66418.1,66418.1,1.33688e+07,1.33688e+07,1.33688e+07,1.39016e+07,1.39016e+07,1.39016e+07,432828,432828,432828,432719,432719,432719,9.89021e+07,9.89021e+07,9.89021e+07,447.091,447.091,447.091,530.383,530.383,530.383
309,640560,640560,640560,63965,63965,63965,66422.2,66422.2,66422.2,1.33689e+07,1.33689e+07,1.33689e+07,1.39017e+07,1.39017e+07,1.39017e+07,432909,432909,432909,432797,432797,432797,9.89045e+07,9.89045e+07,9.89045e+07,447.167,447.167,447.167,530.47,530.47,530.47
310,640465,640465,640465,63968.5,63968.5,63968.5,66425.4,66425.4,66425.4,1.33688e+07,1.33688e+07,1.33688e+07,1.39016e+07,1.39016e+07,1.39016e+07,432990,432990,432990,432875,432875,432875,9.89073e+07,9.89073e+07,9.89073e+07,447.244,447.244,447.244,530.557,530.557,530.557
311,640353,640353,640353,63971.1,63971.1,63971.1,66427.6,66427.6,66427.6,1.33686e+07,1.33686e+07,1.33686e+07,1.39014e+07,1.39014e+07,1.39014e+07,433071,433071,433071,432953,432953,432953,9.89105e+07,9.89105e+07,9.89105e+07,447.32,447.32,447.32,530.643,530.643,530.643
312,640228,640228,640228,63972.6,63972.6,63972.6,66428.7,66428.7,66428.7,1.33682e+07,1.33682e+07,1.33682e+07,1.39009e+07,1.39009e+07,1.39009e+07,433149,433149,433149,433029,433029,433029,9.89141e+07,9.89141e+07,9.89141e+07,447.393,447.393,447.393,530.727,530.727,530.727
313,640090,640090,640090,63973.1,63973.1,63973.1,66428.8,66428.8,66428.8,1.33677e+07,1.33677e+07,1.33677e+07,1.39004e+07,1.39004e+07,1.39004e+07,433225,433225,433225,433102,433102,433102,9.8918e+07,9.8918e+07,9.8918e+07,447.463,447.463,447.463,530.807,530.807,530.807
314,639942,639942,639942,63972.6,63972.6,63972.6,66427.8,66427.8,66427.8,1.3367e+07,1.3367e+07,1.3367e+07,1.38997e+07,1.38997e+07,1.38997e+07,433296,433296,433296,433172,433172,433172,9.89223e+07,9.89223e+07,9.89223e+07,447.53,447.53,447.53,530.882,530.882,530.882
315,639786,639786,639786,63971.1,63971.1,63971.1,66425.9,66425.9,66425.9,1.33662e+07,1.33662e+07,1.33662e+07,1.38989e+07,1.38989e+07,1.38989e+07,433363,433363,433363,433237,433237,433237,9.89269e+07,9.89269e+07,9.89269e+07,447.591,447.591,447.591,530.953,530.953,530.953
316,639624,639624,639624,63968.6,63968.6,63968.6,66423,66423,66423,1.33654e+07,1.33654e+07,1.33654e+07,1.38979e+07,1.38979e+07,1.38979e+07,433425,433425,433425,433297,433297,433297,9.89317e+07,9.89317e+07,9.89317e+07,447.647,447.647,447.647,531.016,531.016,531.016
317,639461,639461,639461,63965.3,63965.3,63965.3,66419.3,66419.3,66419.3,1.33644e+07,1.33644e+07,1.33644e+07,1.38969e+07,1.38969e+07,1.38969e+07,433479,433479,433479,433350,433350,433350,9.89367e+07,9.89367e+07,9.89367e+07,447.697,447.697,447.697,531.073,531.073,531.073
318,639296,639296,639296,63961,63961,63961,66414.7,66414.7,66414.7,1.33634e+07,1.33634e+07,1.33634e+07,1.38958e+07,1.38958e+07,1.38958e+07,433527,433527,433527,433397,433397,433397,9.89419e+07,9.89419e+07,9.89419e+07,447.739,447.739,447.739,531.122,531.122,531.122
319,639135,639135,639135,63956.1,63956.1,63956.1,66409.4,66409.4,66409.4,1.33623e+07,1.33623e+07,1.33623e+07,1.38947e+07,1.38947e+07,1.38947e+07,433566,433566,433566,433436,433436,433436,9.89473e+07,9.89473e+07,9.89473e+07,447.775,447.775,447.775,531.163,531.163,531.163
320,638978,638978,638978,63950.4,63950.4,63950.4,66403.4,66403.4,66403.4,1.33612e+07,1.33612e+07,1.33612e+07,1.38936e+07,1.38936e+07,1.38936e+07,433598,433598,433598,433468,433468,433468,9.89527e+07,9.89527e+07,9.89527e+07,447.802,447.802,447.802,531.194,531.194,531.194
321,638829,638829,638829,63944.2,63944.2,63944.2,66396.9,66396.9,66396.9,1.33601e+07,1.33601e+07,1.33601e+07,1.38924e+07,1.38924e+07,1.38924e+07,433621,433621,433621,433491,433491,433491,9.89582e+07,9.89582e+07,9.89582e+07,447.821,447.821,447.821,531.217,531.217,531.217
322,638690,638690,638690,63937.5,63937.5,63937.5,66390,66390,66390,1.33591e+07,1.33591e+07,1.33591e+07,1.38913e+07,1.38913e+07,1.38913e+07,433635,433635,433635,433506,433506,433506,9.89637e+07,9.89637e+07,9.89637e+07,447.832,447.832,447.832,531.23,531.23,531.23
323,638562,638562,638562,63930.5,63930.5,63930.5,66382.8,66382.8,66382.8,1.3358e+07,1.3358e+07,1.3358e+07,1.38902e+07,1.38902e+07,1.38902e+07,433640,433640,433640,433513,433513,433513,9.89691e+07,9.89691e+07,9.89691e+07,447.835,447.835,447.835,531.234,531.234,531.234
324,638449,638449,638449,63923.2,63923.2,63923.2,66375.4,66375.4,66375.4,1.3357e+07,1.3357e+07,1.3357e+07,1.38891e+07,1.38891e+07,1.38891e+07,433637,433637,433637,433511,433511,433511,9.89744e+07,9.89744e+07,9.89744e+07,447.829,447.829,447.829,531.229,531.229,531.229
325,638352,638352,638352,63915.9,63915.9,63915.9,66368,66368,66368,1.33561e+07,1.33561e+07,1.33561e+07,1.38882e+07,1.38882e+07,1.38882e+07,433625,433625,433625,433501,433501,433501,9.89796e+07,9.89796e+07,9.89796e+07,447.815,447.815,447.815,531.215,531.215,531.215
326,638273,638273,638273,63908.5,63908.5,63908.5,66360.7,66360.7,66360.7,1.33553e+07,1.33553e+07,1.33553e+07,1.38873e+07,1.38873e+07,1.38873e+07,433605,433605,433605,433483,433483,433483,9.89846e+07,9.89846e+07,9.89846e+07,447.794,447.794,447.794,531.192,531.192,531.192
327,638212,638212,638212,63901.4,63901.4,63901.4,66353.5,66353.5,66353.5,1.33546e+07,1.33546e+07,1.33546e+07,1.38866e+07,1.38866e+07,1.38866e+07,433577,433577,433577,433457,433457,433457,9.89894e+07,9.89894e+07,9.89894e+07,447.766,447.766,447.766,531.161,531.161,531.161
328,638171,638171,638171,63894.5,63894.5,63894.5,66346.7,66346.7,66346.7,1.3354e+07,1.3354e+07,1.3354e+07,1.38859e+07,1.38859e+07,1.38859e+07,433541,433541,433541,433424,433424,433424,9.8994e+07,9.8994e+07,9.8994e+07,447.731,447.731,447.731,531.122,531.122,531.122
329,638152,638152,638152,63888,63888,63888,66340.4,66340.4,66340.4,1.33535e+07,1.33535e+07,1.33535e+07,1.38855e+07,1.38855e+07,1.38855e+07,433499,433499,433499,433385,433385,433385,9.89982e+07,9.89982e+07,9.89982e+07,447.69,447.69,447.69,531.077,531.077,531.077
330,638153,638153,638153,63882,63882,63882,66334.6,66334.6,66334.6,1.33532e+07,1.33532e+07,1.33532e+07,1.38851e+07,1.38851e+07,1.38851e+07,433452,433452,433452,433340,433340,433340,9.90022e+07,9.90022e+07,9.90022e+07,447.644,447.644,447.644,531.026,531.026,531.026
331,638176,638176,638176,63876.6,63876.6,63876.6,66329.5,66329.5,66329.5,1.33531e+07,1.33531e+07,1.33531e+07,1.3885e+07,1.3885e+07,1.3885e+07,433399,433399,433399,433290,433290,433290,9.90058e+07,9.90058e+07,9.90058e+07,447.594,447.594,447.594,530.969,530.969,530.969
332,638221,638221,638221,63871.9,63871.9,63871.9,66325.2,66325.2,66325.2,1.33531e+07,1.33531e+07,1.33531e+07,1.3885e+07,1.3885e+07,1.3885e+07,433342,433342,433342,433236,433236,433236,9.9009e+07,9.9009e+07,9.9009e+07,447.54,447.54,447.54,530.909,530.909,530.909
333,638286,638286,638286,63868.1,63868.1,63868.1,66321.7,66321.7,66321.7,1.33532e+07,1.33532e+07,1.33532e+07,1.38852e+07,1.38852e+07,1.38852e+07,433281,433281,433281,433179,433179,433179,9.90119e+07,9.90119e+07,9.90119e+07,447.483,447.483,447.483,530.846,530.846,530.846
334,638372,638372,638372,63865.1,63865.1,63865.1,66319.2,66319.2,66319.2,1.33536e+07,1.33536e+07,1.33536e+07,1.38856e+07,1.38856e+07,1.38856e+07,433219,433219,433219,433120,433120,433120,9.90144e+07,9.90144e+07,9.90144e+07,447.425,447.425,447.425,530.781,530.781,530.781
335,638477,638477,638477,63863.1,63863.1,63863.1,66317.6,66317.6,66317.6,1.33541e+07,1.33541e+07,1.33541e+07,1.38861e+07,1.38861e+07,1.38861e+07,433156,433156,433156,433060,433060,433060,9.90165e+07,9.90165e+07,9.90165e+07,447.366,447.366,447.366,530.715,530.715,530.715
336,638600,638600,638600,63862.1,63862.1,63862.1,66317,66317,66317,1.33548e+07,1.33548e+07,1.33548e+07,1.38868e+07,1.38868e+07,1.38868e+07,433092,433092,433092,432999,432999,432999,9.90183e+07,9.90183e+07,9.90183e+07,447.307,447.307,447.307,530.65,530.65,530.65
337,638740,638740,638740,63862.1,63862.1,63862.1,66317.6,66317.6,66317.6,1.33556e+07,1.33556e+07,1.33556e+07,1.38877e+07,1.38877e+07,1.38877e+07,433030,433030,433030,432939,432939,432939,9.90196e+07,9.90196e+07,9.90196e+07,447.25,447.25,447.25,530.586,530.586,530.586
338,638894,638894,638894,63863.2,63863.2,63863.2,66319.2,66319.2,66319.2,1.33566e+07,1.33566e+07,1.33566e+07,1.38888e+07,1.38888e+07,1.38888e+07,432969,432969,432969,432882,432882,432882,9.90207e+07,9.90207e+07,9.90207e+07,447.195,447.195,447.195,530.524,530.524,530.524
339,639061,639061,639061,63865.4,63865.4,63865.4,66321.9,66321.9,66321.9,1.33578e+07,1.33578e+07,1.33578e+07,1.389e+07,1.389e+07,1.389e+07,432912,432912,432912,432827,432827,432827,9.90213e+07,9.90213e+07,9.90213e+07,447.143,447.143,447.143,530.466,530.466,530.466
340,639239,639239,639239,63868.6,63868.6,63868.6,66325.6,66325.6,66325.6,1.33591e+07,1.33591e+07,1.33591e+07,1.38913e+07,1.38913e+07,1.38913e+07,432859,432859,432859,432776,432776,432776,9.90217e+07,9.90217e+07,9.90217e+07,447.096,447.096,447.096,530.413,530.413,530.413
341,639424,639424,639424,63872.9,63872.9,63872.9,66330.4,66330.4,66330.4,1.33604e+07,1.33604e+07,1.33604e+07,1.38928e+07,1.38928e+07,1.38928e+07,432811,432811,432811,432729,432729,432729,9.90218e+07,9.90218e+07,9.90218e+07,447.054,447.054,447.054,530.366,530.366,530.366
342,639616,639616,639616,63878.1,63878.1,63878.1,66336.2,66336.2,66336.2,1.33619e+07,1.33619e+07,1.33619e+07,1.38944e+07,1.38944e+07,1.38944e+07,432768,432768,432768,432688,432688,432688,9.90216e+07,9.90216e+07,9.90216e+07,447.017,447.017,447.017,530.325,530.325,530.325
343,639811,639811,639811,63884.3,63884.3,63884.3,66342.9,66342.9,66342.9,1.33635e+07,1.33635e+07,1.33635e+07,1.3896e+07,1.3896e+07,1.3896e+07,432732,432732,432732,432653,432653,432653,9.90213e+07,9.90213e+07,9.90213e+07,446.987,446.987,446.987,530.292,530.292,530.292
344,640006,640006,640006,63891.4,63891.4,63891.4,66350.5,66350.5,66350.5,1.33652e+07,1.33652e+07,1.33652e+07,1.38977e+07,1.38977e+07,1.38977e+07,432704,432704,432704,432626,432626,432626,9.90207e+07,9.90207e+07,9.90207e+07,446.964,446.964,446.964,530.266,530.266,530.266
345,640199,640199,640199,63899.3,63899.3,63899.3,66358.8,66358.8,66358.8,1.33668e+07,1.33668e+07,1.33668e+07,1.38995e+07,1.38995e+07,1.38995e+07,432683,432683,432683,432605,432605,432605,9.902e+07,9.902e+07,9.902e+07,446.948,446.948,446.948,530.249,530.249,530.249
346,640388,640388,640388,63907.9,63907.9,63907.9,66367.9,66367.9,66367.9,1.33686e+07,1.33686e+07,1.33686e+07,1.39013e+07,1.39013e+07,1.39013e+07,432670,432670,432670,432593,432593,432593,9.90193e+07,9.90193e+07,9.90193e+07,446.941,446.941,446.941,530.24,530.24,530.24
347,640570,640570,640570,63917.1,63917.1,63917.1,66377.5,66377.5,66377.5,1.33703e+07,1.33703e+07,1.33703e+07,1.39031e+07,1.39031e+07,1.39031e+07,432666,432666,432666,432588,432588,432588,9.90184e+07,9.90184e+07,9.90184e+07,446.941,446.941,446.941,530.241,530.241,530.241
348,640743,640743,640743,63926.9,63926.9,63926.9,66387.6,66387.6,66387.6,1.3372e+07,1.3372e+07,1.3372e+07,1.39049e+07,1.39049e+07,1.39049e+07,432671,432671,432671,432592,432592,432592,9.90176e+07,9.90176e+07,9.90176e+07,446.95,446.95,446.95,530.252,530.252,530.252
349,640904,640904,640904,63937,63937,63937,66398,66398,66398,1.33737e+07,1.33737e+07,1.33737e+07,1.39067e+07,1.39067e+07,1.39067e+07,432685,432685,432685,432605,432605,432605,9.90168e+07,9.90168e+07,9.90168e+07,446.968,446.968,446.968,530.272,530.272,530.272
350,641051,641051,641051,63947.4,63947.4,63947.4,66408.7,66408.7,66408.7,1.33753e+07,1.33753e+07,1.33753e+07,1.39084e+07,1.39084e+07,1.39084e+07,432708,432708,432708,432627,432627,432627,9.90161e+07,9.90161e+07,9.90161e+07,446.993,446.993,446.993,530.301,530.301,530.301
351,641182,641182,641182,63958,63958,63958,66419.5,66419.5,66419.5,1.33769e+07,1.33769e+07,1.33769e+07,1.391e+07,1.391e+07,1.391e+07,432739,432739,432739,432656,432656,432656,9.90156e+07,9.90156e+07,9.90156e+07,447.027,447.027,447.027,530.34,530.34,530.34
352,641296,641296,641296,63968.6,63968.6,63968.6,66430.2,66430.2,66430.2,1.33783e+07,1.33783e+07,1.33783e+07,1.39115e+07,1.39115e+07,1.39115e+07,432780,432780,432780,432694,432694,432694,9.90152e+07,9.90152e+07,9.90152e+07,447.069,447.069,447.069,530.387,530.387,530.387
353,641391,641391,641391,63979.1,63979.1,63979.1,66440.8,66440.8,66440.8,1.33797e+07,1.33797e+07,1.33797e+07,1.3913e+07,1.3913e+07,1.3913e+07,432828,432828,432828,432740,432740,432740,9.9015e+07,9.9015e+07,9.9015e+07,447.118,447.118,447.118,530.443,530.443,530.443
354,641465,641465,641465,63989.3,63989.3,63989.3,66451,66451,66451,1.33809e+07,1.33809e+07,1.33809e+07,1.39142e+07,1.39142e+07,1.39142e+07,432883,432883,432883,432793,432793,432793,9.9015e+07,9.9015e+07,9.9015e+07,447.174,447.174,447.174,530.507,530.507,530.507
355,641519,641519,641519,63999.2,63999.2,63999.2,66460.9,66460.9,66460.9,1.3382e+07,1.3382e+07,1.3382e+07,1.39154e+07,1.39154e+07,1.39154e+07,432946,432946,432946,432853,432853,432853,9.90153e+07,9.90153e+07,9.90153e+07,447.237,447.237,447.237,530.577,530.577,530.577
356,641551,641551,641551,64008.6,64008.6,64008.6,66470.2,66470.2,66470.2,1.33829e+07,1.33829e+07,1.33829e+07,1.39163e+07,1.39163e+07,1.39163e+07,433014,433014,433014,432918,432918,432918,9.9016e+07,9.9016e+07,9.9016e+07,447.304,447.304,447.304,530.654,530.654,530.654
357,641561,641561,641561,64017.5,64017.5,64017.5,66478.9,66478.9,66478.9,1.33837e+07,1.33837e+07,1.33837e+07,1.39172e+07,1.39172e+07,1.39172e+07,433088,433088,433088,432989,432989,432989,9.90169e+07,9.90169e+07,9.90169e+07,447.377,447.377,447.377,530.736,530.736,530.736
358,641550,641550,641550,64025.6,64025.6,64025.6,66486.8,66486.8,66486.8,1.33843e+07,1.33843e+07,1.33843e+07,1.39178e+07,1.39178e+07,1.39178e+07,433166,433166,433166,433064,433064,433064,9.90181e+07,9.90181e+07,9.90181e+07,447.453,447.453,447.453,530.822,530.822,530.822
359,641517,641517,641517,64032.9,64032.9,64032.9,66493.9,66493.9,66493.9,1.33848e+07,1.33848e+07,1.33848e+07,1.39182e+07,1.39182e+07,1.39182e+07,433247,433247,433247,433142,433142,433142,9.90198e+07,9.90198e+07,9.90198e+07,447.531,447.531,447.531,530.911,530.911,530.911
360,641464,641464,641464,64039.3,64039.3,64039.3,66500,66500,66500,1.3385e+07,1.3385e+07,1.3385e+07,1.39185e+07,1.39185e+07,1.39185e+07,433331,433331,433331,433222,433222,433222,9.90217e+07,9.90217e+07,9.90217e+07,447.612,447.612,447.612,531.003,531.003,531.003
361,641391,641391,641391,64044.8,64044.8,64044.8,66505.2,66505.2,66505.2,1.33851e+07,1.33851e+07,1.33851e+07,1.39186e+07,1.39186e+07,1.39186e+07,433416,433416,433416,433304,433304,433304,9.9024e+07,9.9024e+07,9.9024e+07,447.693,447.693,447.693,531.095,531.095,531.095
362,641300,641300,641300,64049.4,64049.4,64049.4,66509.4,66509.4,66509.4,1.33851e+07,1.33851e+07,1.33851e+07,1.39185e+07,1.39185e+07,1.39185e+07,433501,433501,433501,433386,433386,433386,9.90267e+07,9.90267e+07,9.90267e+07,447.774,447.774,447.774,531.187,531.187,531.187
363,641192,641192,641192,64052.8,64052.8,64052.8,66512.4,66512.4,66512.4,1.33848e+07,1.33848e+07,1.33848e+07,1.39182e+07,1.39182e+07,1.39182e+07,433585,433585,433585,433467,433467,433467,9.90297e+07,9.90297e+07,9.90297e+07,447.854,447.854,447.854,531.278,531.278,531.278
364,641069,641069,641069,64055.2,64055.2,64055.2,66514.4,66514.4,66514.4,1.33844e+07,1.33844e+07,1.33844e+07,1.39178e+07,1.39178e+07,1.39178e+07,433667,433667,433667,433546,433546,433546,9.90331e+07,9.90331e+07,9.90331e+07,447.931,447.931,447.931,531.366,531.366,531.366
365,640933,640933,640933,64056.5,64056.5,64056.5,66515.3,66515.3,66515.3,1.33839e+07,1.33839e+07,1.33839e+07,1.39172e+07,1.39172e+07,1.39172e+07,433745,433745,433745,433623,433623,433623,9.90367e+07,9.90367e+07,9.90367e+07,448.005,448.005,448.005,531.45,531.45,531.45
366,640786,640786,640786,64056.8,64056.8,64056.8,66515.1,66515.1,66515.1,1.33832e+07,1.33832e+07,1.33832e+07,1.39165e+07,1.39165e+07,1.39165e+07,433820,433820,433820,433695,433695,433695,9.90406e+07,9.90406e+07,9.90406e+07,448.075,448.075,448.075,531.53,531.53,531.53
367,640631,640631,640631,64055.9,64055.9,64055.9,66513.9,66513.9,66513.9,1.33823e+07,1.33823e+07,1.33823e+07,1.39156e+07,1.39156e+07,1.39156e+07,433890,433890,433890,433763,433763,433763,9.90448e+07,9.90448e+07,9.90448e+07,448.14,448.14,448.14,531.603,531.603,531.603
368,640470,640470,640470,64054.1,64054.1,64054.1,66511.7,66511.7,66511.7,1.33814e+07,1.33814e+07,1.33814e+07,1.39146e+07,1.39146e+07,1.39146e+07,433953,433953,433953,433825,433825,433825,9.90492e+07,9.90492e+07,9.90492e+07,448.199,448.199,448.199,531.671,531.671,531.671
369,640305,640305,640305,64051.3,64051.3,64051.3,66508.5,66508.5,66508.5,1.33804e+07,1.33804e+07,1.33804e+07,1.39135e+07,1.39135e+07,1.39135e+07,434010,434010,434010,433881,433881,433881,9.90538e+07,9.90538e+07,9.90538e+07,448.251,448.251,448.251,531.73,531.73,531.73
370,640140,640140,640140,64047.6,64047.6,64047.6,66504.4,66504.4,66504.4,1.33793e+07,1.33793e+07,1.33793e+07,1.39124e+07,1.39124e+07,1.39124e+07,434060,434060,434060,433929,433929,433929,9.90585e+07,9.90585e+07,9.90585e+07,448.296,448.296,448.296,531.782,531.782,531.782
371,639976,639976,639976,64043.1,64043.1,64043.1,66499.5,66499.5,66499.5,1.33782e+07,1.33782e+07,1.33782e+07,1.39112e+07,1.39112e+07,1.39112e+07,434101,434101,434101,433970,433970,433970,9.90634e+07,9.90634e+07,9.90634e+07,448.333,448.333,448.333,531.825,531.825,531.825
372,639817,639817,639817,64037.8,64037.8,64037.8,66494,66494,66494,1.3377e+07,1.3377e+07,1.3377e+07,1.391e+07,1.391e+07,1.391e+07,434134,434134,434134,434003,434003,434003,9.90683e+07,9.90683e+07,9.90683e+07,448.363,448.363,448.363,531.859,531.859,531.859
373,639665,639665,639665,64031.9,64031.9,64031.9,66487.8,66487.8,66487.8,1.33758e+07,1.33758e+07,1.33758e+07,1.39087e+07,1.39087e+07,1.39087e+07,434159,434159,434159,434028,434028,434028,9.90732e+07,9.90732e+07,9.90732e+07,448.383,448.383,448.383,531.883,531.883,531.883
374,639522,639522,639522,64025.5,64025.5,64025.5,66481.1,66481.1,66481.1,1.33746e+07,1.33746e+07,1.33746e+07,1.39075e+07,1.39075e+07,1.39075e+07,434174,434174,434174,434044,434044,434044,9.9078e+07,9.9078e+07,9.9078e+07,448.396,448.396,448.396,531.898,531.898,531.898
375,639391,639391,639391,64018.7,64018.7,64018.7,66474.1,66474.1,66474.1,1.33735e+07,1.33735e+07,1.33735e+07,1.39063e+07,1.39063e+07,1.39063e+07,434180,434180,434180,434051,434051,434051,9.90828e+07,9.90828e+07,9.90828e+07,448.399,448.399,448.399,531.903,531.903,531.903
376,639273,639273,639273,64011.6,64011.6,64011.6,66466.9,66466.9,66466.9,1.33724e+07,1.33724e+07,1.33724e+07,1.39051e+07,1.39051e+07,1.39051e+07,434177,434177,434177,434050,434050,434050,9.90875e+07,9.90875e+07,9.90875e+07,448.394,448.394,448.394,531.898,531.898,531.898
377,639171,639171,639171,64004.3,64004.3,64004.3,66459.6,66459.6,66459.6,1.33714e+07,1.33714e+07,1.33714e+07,1.3904e+07,1.3904e+07,1.3904e+07,434165,434165,434165,434039,434039,434039,9.90921e+07,9.90921e+07,9.90921e+07,448.381,448.381,448.381,531.884,531.884,531.884
378,639086,639086,639086,63997.1,63997.1,63997.1,66452.3,66452.3,66452.3,1.33704e+07,1.33704e+07,1.33704e+07,1.3903e+07,1.3903e+07,1.3903e+07,434145,434145,434145,434021,434021,434021,9.90964e+07,9.90964e+07,9.90964e+07,448.36,448.36,448.36,531.861,531.861,531.861
379,639020,639020,639020,63989.9,63989.9,63989.9,66445.1,66445.1,66445.1,1.33696e+07,1.33696e+07,1.33696e+07,1.39021e+07,1.39021e+07,1.39021e+07,434117,434117,434117,433995,433995,433995,9.91005e+07,9.91005e+07,9.91005e+07,448.332,448.332,448.332,531.83,531.83,531.83
380,638973,638973,638973,63982.9,63982.9,63982.9,66438.2,66438.2,66438.2,1.33688e+07,1.33688e+07,1.33688e+07,1.39014e+07,1.39014e+07,1.39014e+07,434080,434080,434080,433961,433961,433961,9.91043e+07,9.91043e+07,9.91043e+07,448.296,448.296,448.296,531.791,531.791,531.791
381,638947,638947,638947,63976.3,63976.3,63976.3,66431.7,66431.7,66431.7,1.33682e+07,1.33682e+07,1.33682e+07,1.39008e+07,1.39008e+07,1.39008e+07,434037,434037,434037,433921,433921,433921,9.91078e+07,9.91078e+07,9.91078e+07,448.254,448.254,448.254,531.744,531.744,531.744
382,638943,638943,638943,63970.1,63970.1,63970.1,66425.8,66425.8,66425.8,1.33678e+07,1.33678e+07,1.33678e+07,1.39003e+07,1.39003e+07,1.39003e+07,433988,433988,433988,433874,433874,433874,9.9111e+07,9.9111e+07,9.9111e+07,448.207,448.207,448.207,531.691,531.691,531.691
383,638959,638959,638959,63964.5,63964.5,63964.5,66420.4,66420.4,66420.4,1.33675e+07,1.33675e+07,1.33675e+07,1.39e+07,1.39e+07,1.39e+07,433933,433933,433933,433823,433823,433823,9.91139e+07,9.91139e+07,9.91139e+07,448.155,448.155,448.155,531.633,531.633,531.633
384,638997,638997,638997,63959.6,63959.6,63959.6,66415.8,66415.8,66415.8,1.33674e+07,1.33674e+07,1.33674e+07,1.38998e+07,1.38998e+07,1.38998e+07,433874,433874,433874,433767,433767,433767,9.91164e+07,9.91164e+07,9.91164e+07,448.099,448.099,448.099,531.57,531.57,531.57
385,639056,639056,639056,63955.4,63955.4,63955.4,66412,66412,66412,1.33674e+07,1.33674e+07,1.33674e+07,1.38999e+07,1.38999e+07,1.38999e+07,433812,433812,433812,433707,433707,433707,9.91185e+07,9.91185e+07,9.91185e+07,448.04,448.04,448.04,531.504,531.504,531.504
386,639136,639136,639136,63952.1,63952.1,63952.1,66409.1,66409.1,66409.1,1.33676e+07,1.33676e+07,1.33676e+07,1.39001e+07,1.39001e+07,1.39001e+07,433746,433746,433746,433645,433645,433645,9.91202e+07,9.91202e+07,9.91202e+07,447.979,447.979,447.979,531.436,531.436,531.436
387,639235,639235,639235,63949.7,63949.7,63949.7,66407.1,66407.1,66407.1,1.3368e+07,1.3368e+07,1.3368e+07,1.39005e+07,1.39005e+07,1.39005e+07,433680,433680,433680,433582,433582,433582,9.91216e+07,9.91216e+07,9.91216e+07,447.917,447.917,447.917,531.367,531.367,531.367
388,639352,639352,639352,63948.2,63948.2,63948.2,66406.1,66406.1,66406.1,1.33685e+07,1.33685e+07,1.33685e+07,1.39011e+07,1.39011e+07,1.39011e+07,433613,433613,433613,433518,433518,433518,9.91225e+07,9.91225e+07,9.91225e+07,447.855,447.855,447.855,531.298,531.298,531.298
389,639485,639485,639485,63947.8,63947.8,63947.8,66406.2,66406.2,66406.2,1.33692e+07,1.33692e+07,1.33692e+07,1.39018e+07,1.39018e+07,1.39018e+07,433547,433547,433547,433454,433454,433454,9.91231e+07,9.91231e+07,9.91231e+07,447.794,447.794,447.794,531.229,531.229,531.229
390,639634,639634,639634,63948.4,63948.4,63948.4,66407.3,66407.3,66407.3,1.33701e+07,1.33701e+07,1.33701e+07,1.39027e+07,1.39027e+07,1.39027e+07,433483,433483,433483,433393,433393,433393,9.91233e+07,9.91233e+07,9.91233e+07,447.736,447.736,447.736,531.163,531.163,531.163
391,639795,639795,639795,63950.1,63950.1,63950.1,66409.5,66409.5,66409.5,1.33711e+07,1.33711e+07,1.33711e+07,1.39038e+07,1.39038e+07,1.39038e+07,433421,433421,433421,433334,433334,433334,9.91232e+07,9.91232e+07,9.91232e+07,447.68,447.68,447.68,531.101,531.101,531.101
392,639968,639968,639968,63952.8,63952.8,63952.8,66412.7,66412.7,66412.7,1.33722e+07,1.33722e+07,1.33722e+07,1.3905e+07,1.3905e+07,1.3905e+07,433363,433363,433363,433278,433278,433278,9.91228e+07,9.91228e+07,9.91228e+07,447.628,447.628,447.628,531.043,531.043,531.043
393,640149,640149,640149,63956.5,63956.5,63956.5,66416.9,66416.9,66416.9,1.33735e+07,1.33735e+07,1.33735e+07,1.39063e+07,1.39063e+07,1.39063e+07,433311,433311,433311,433227,433227,433227,9.91221e+07,9.91221e+07,9.91221e+07,447.581,447.581,447.581,530.99,530.99,530.99
394,640335,640335,640335,63961.2,63961.2,63961.2,66422.2,66422.2,66422.2,1.33748e+07,1.33748e+07,1.33748e+07,1.39077e+07,1.39077e+07,1.39077e+07,433263,433263,433263,433181,433181,433181,9.91211e+07,9.91211e+07,9.91211e+07,447.54,447.54,447.54,530.944,530.944,530.944
395,640526,640526,640526,63966.9,63966.9,63966.9,66428.3,66428.3,66428.3,1.33763e+07,1.33763e+07,1.33763e+07,1.39093e+07,1.39093e+07,1.39093e+07,433223,433223,433223,433142,433142,433142,9.91199e+07,9.91199e+07,9.91199e+07,447.505,447.505,447.505,530.904,530.904,530.904
396,640717,640717,640717,63973.4,63973.4,63973.4,66435.3,66435.3,66435.3,1.33778e+07,1.33778e+07,1.33778e+07,1.39109e+07,1.39109e+07,1.39109e+07,433189,433189,433189,433109,433109,433109,9.91186e+07,9.91186e+07,9.91186e+07,447.477,447.477,447.477,530.873,530.873,530.873
397,640906,640906,640906,63980.7,63980.7,63980.7,66443.1,66443.1,66443.1,1.33794e+07,1.33794e+07,1.33794e+07,1.39125e+07,1.39125e+07,1.39125e+07,433163,433163,433163,433084,433084,433084,9.91171e+07,9.91171e+07,9.91171e+07,447.457,447.457,447.457,530.85,530.85,530.85
398,641091,641091,641091,63988.8,63988.8,63988.8,66451.6,66451.6,66451.6,1.3381e+07,1.3381e+07,1.3381e+07,1.39142e+07,1.39142e+07,1.39142e+07,433146,433146,433146,433067,433067,433067,9.91154e+07,9.91154e+07,9.91154e+07,447.444,447.444,447.444,530.836,530.836,530.836
399,641269,641269,641269,63997.5,63997.5,63997.5,66460.7,66460.7,66460.7,1.33826e+07,1.33826e+07,1.33826e+07,1.39159e+07,1.39159e+07,1.39159e+07,433137,433137,433137,433058,433058,433058,9.91138e+07,9.91138e+07,9.91138e+07,447.44,447.44,447.44,530.831,530.831,530.831
400,641438,641438,641438,64006.7,64006.7,64006.7,66470.2,66470.2,66470.2,1.33842e+07,1.33842e+07,1.33842e+07,1.39176e+07,1.39176e+07,1.39176e+07,433137,433137,433137,433057,433057,433057,9.91121e+07,9.91121e+07,9.91121e+07,447.444,447.444,447.444,530.836,530.836,530.836
401,641595,641595,641595,64016.2,64016.2,64016.2,66480,66480,66480,1.33857e+07,1.33857e+07,1.33857e+07,1.39192e+07,1.39192e+07,1.39192e+07,433146,433146,433146,433065,433065,433065,9.91104e+07,9.91104e+07,9.91104e+07,447.457,447.457,447.457,530.85,530.85,530.85
402,641738,641738,641738,64026.1,64026.1,64026.1,66490.1,66490.1,66490.1,1.33872e+07,1.33872e+07,1.33872e+07,1.39208e+07,1.39208e+07,1.39208e+07,433164,433164,433164,433081,433081,433081,9.91088e+07,9.91088e+07,9.91088e+07,447.477,447.477,447.477,530.874,530.874,530.874
403,641866,641866,641866,64036.1,64036.1,64036.1,66500.3,66500.3,66500.3,1.33887e+07,1.33887e+07,1.33887e+07,1.39223e+07,1.39223e+07,1.39223e+07,433191,433191,433191,433106,433106,433106,9.91073e+07,9.91073e+07,9.91073e+07,447.507,447.507,447.507,530.907,530.907,530.907
404,641976,641976,641976,64046.1,64046.1,64046.1,66510.4,66510.4,66510.4,1.339e+07,1.339e+07,1.339e+07,1.39237e+07,1.39237e+07,1.39237e+07,433226,433226,433226,433140,433140,433140,9.9106e+07,9.9106e+07,9.9106e+07,447.543,447.543,447.543,530.948,530.948,530.948
405,642067,642067,642067,64056,64056,64056,66520.4,66520.4,66520.4,1.33913e+07,1.33913e+07,1.33913e+07,1.3925e+07,1.3925e+07,1.3925e+07,433270,433270,433270,433181,433181,433181,9.91048e+07,9.91048e+07,9.91048e+07,447.588,447.588,447.588,530.998,530.998,530.998
406,642137,642137,642137,64065.6,64065.6,64065.6,66530,66530,66530,1.33924e+07,1.33924e+07,1.33924e+07,1.39262e+07,1.39262e+07,1.39262e+07,433321,433321,433321,433229,433229,433229,9.91039e+07,9.91039e+07,9.91039e+07,447.639,447.639,447.639,531.056,531.056,531.056
407,642187,642187,642187,64074.9,64074.9,64074.9,66539.2,66539.2,66539.2,1.33934e+07,1.33934e+07,1.33934e+07,1.39272e+07,1.39272e+07,1.39272e+07,433378,433378,433378,433284,433284,433284,9.91032e+07,9.91032e+07,9.91032e+07,447.697,447.697,447.697,531.121,531.121,531.121
408,642214,642214,642214,64083.7,64083.7,64083.7,66547.9,66547.9,66547.9,1.33942e+07,1.33942e+07,1.33942e+07,1.39281e+07,1.39281e+07,1.39281e+07,433442,433442,433442,433345,433345,433345,9.91029e+07,9.91029e+07,9.91029e+07,447.76,447.76,447.76,531.193,531.193,531.193
409,642220,642220,642220,64091.9,64091.9,64091.9,66555.9,66555.9,66555.9,1.33949e+07,1.33949e+07,1.33949e+07,1.39288e+07,1.39288e+07,1.39288e+07,433512,433512,433512,433411,433411,433411,9.91028e+07,9.91028e+07,9.91028e+07,447.827,447.827,447.827,531.269,531.269,531.269
410,642204,642204,642204,64099.4,64099.4,64099.4,66563.2,66563.2,66563.2,1.33954e+07,1.33954e+07,1.33954e+07,1.39293e+07,1.39293e+07,1.39293e+07,433585,433585,433585,433482,433482,433482,9.9103e+07,9.9103e+07,9.9103e+07,447.899,447.899,447.899,531.35,531.35,531.35
411,642166,642166,642166,64106,64106,64106,66569.6,66569.6,66569.6,1.33958e+07,1.33958e+07,1.33958e+07,1.39297e+07,1.39297e+07,1.39297e+07,433662,433662,433662,433556,433556,433556,9.91036e+07,9.91036e+07,9.91036e+07,447.973,447.973,447.973,531.434,531.434,531.434
412,642106,642106,642106,64111.8,64111.8,64111.8,66575.1,66575.1,66575.1,1.33959e+07,1.33959e+07,1.33959e+07,1.39298e+07,1.39298e+07,1.39298e+07,433742,433742,433742,433632,433632,433632,9.91045e+07,9.91045e+07,9.91045e+07,448.049,448.049,448.049,531.52,531.52,531.52
413,642027,642027,642027,64116.7,64116.7,64116.7,66579.5,66579.5,66579.5,1.33959e+07,1.33959e+07,1.33959e+07,1.39298e+07,1.39298e+07,1.39298e+07,433823,433823,433823,433710,433710,433710,9.91057e+07,9.91057e+07,9.91057e+07,448.126,448.126,448.126,531.608,531.608,531.608
414,641929,641929,641929,64120.4,64120.4,64120.4,66582.9,66582.9,66582.9,1.33957e+07,1.33957e+07,1.33957e+07,1.39296e+07,1.39296e+07,1.39296e+07,433904,433904,433904,433788,433788,433788,9.91072e+07,9.91072e+07,9.91072e+07,448.203,448.203,448.203,531.695,531.695,531.695
415,641814,641814,641814,64123.2,64123.2,64123.2,66585.2,66585.2,66585.2,1.33954e+07,1.33954e+07,1.33954e+07,1.39292e+07,1.39292e+07,1.39292e+07,433984,433984,433984,433865,433865,433865,9.91091e+07,9.91091e+07,9.91091e+07,448.279,448.279,448.279,531.78,531.78,531.78
416,641683,641683,641683,64124.8,64124.8,64124.8,66586.4,66586.4,66586.4,1.33948e+07,1.33948e+07,1.33948e+07,1.39286e+07,1.39286e+07,1.39286e+07,434062,434062,434062,433940,433940,433940,9.91113e+07,9.91113e+07,9.91113e+07,448.352,448.352,448.352,531.863,531.863,531.863
417,641538,641538,641538,64125.3,64125.3,64125.3,66586.5,66586.5,66586.5,1.33942e+07,1.33942e+07,1.33942e+07,1.39279e+07,1.39279e+07,1.39279e+07,434138,434138,434138,434013,434013,434013,9.91138e+07,9.91138e+07,9.91138e+07,448.422,448.422,448.422,531.943,531.943,531.943
418,641382,641382,641382,64124.8,64124.8,64124.8,66585.5,66585.5,66585.5,1.33933e+07,1.33933e+07,1.33933e+07,1.39271e+07,1.39271e+07,1.39271e+07,434209,434209,434209,434082,434082,434082,9.91165e+07,9.91165e+07,9.91165e+07,448.488,448.488,448.488,532.018,532.018,532.018
419,641217,641217,641217,64123.1,64123.1,64123.1,66583.3,66583.3,66583.3,1.33924e+07,1.33924e+07,1.33924e+07,1.3926e+07,1.3926e+07,1.3926e+07,434275,434275,434275,434146,434146,434146,9.91195e+07,9.91195e+07,9.91195e+07,448.549,448.549,448.549,532.087,532.087,532.087
420,641045,641045,641045,64120.4,64120.4,64120.4,66580.2,66580.2,66580.2,1.33913e+07,1.33913e+07,1.33913e+07,1.39249e+07,1.39249e+07,1.39249e+07,434335,434335,434335,434205,434205,434205,9.91227e+07,9.91227e+07,9.91227e+07,448.604,448.604,448.604,532.149,532.149,532.149
421,640869,640869,640869,64116.7,64116.7,64116.7,66576,66576,66576,1.33902e+07,1.33902e+07,1.33902e+07,1.39237e+07,1.39237e+07,1.39237e+07,434389,434389,434389,434257,434257,434257,9.9126e+07,9.9126e+07,9.9126e+07,448.652,448.652,448.652,532.204,532.204,532.204
422,640692,640692,640692,64112,64112,64112,66570.9,66570.9,66570.9,1.33889e+07,1.33889e+07,1.33889e+07,1.39224e+07,1.39224e+07,1.39224e+07,434435,434435,434435,434302,434302,434302,9.91295e+07,9.91295e+07,9.91295e+07,448.693,448.693,448.693,532.251,532.251,532.251
423,640516,640516,640516,64106.5,64106.5,64106.5,66565,66565,66565,1.33876e+07,1.33876e+07,1.33876e+07,1.3921e+07,1.3921e+07,1.3921e+07,434473,434473,434473,434340,434340,434340,9.9133e+07,9.9133e+07,9.9133e+07,448.727,448.727,448.727,532.289,532.289,532.289
424,640343,640343,640343,64100.2,64100.2,64100.2,66558.3,66558.3,66558.3,1.33863e+07,1.33863e+07,1.33863e+07,1.39196e+07,1.39196e+07,1.39196e+07,434502,434502,434502,434369,434369,434369,9.91366e+07,9.91366e+07,9.91366e+07,448.752,448.752,448.752,532.318,532.318,532.318
425,640177,640177,640177,64093.2,64093.2,64093.2,66551,66551,66551,1.3385e+07,1.3385e+07,1.3385e+07,1.39182e+07,1.39182e+07,1.39182e+07,434523,434523,434523,434390,434390,434390,9.91402e+07,9.91402e+07,9.91402e+07,448.769,448.769,448.769,532.337,532.337,532.337
426,640019,640019,640019,64085.6,64085.6,64085.6,66543.2,66543.2,66543.2,1.33836e+07,1.33836e+07,1.33836e+07,1.39168e+07,1.39168e+07,1.39168e+07,434535,434535,434535,434402,434402,434402,9.91437e+07,9.91437e+07,9.91437e+07,448.777,448.777,448.777,532.347,532.347,532.347
427,639872,639872,639872,64077.6,64077.6,64077.6,66534.9,66534.9,66534.9,1.33823e+07,1.33823e+07,1.33823e+07,1.39154e+07,1.39154e+07,1.39154e+07,434537,434537,434537,434405,434405,434405,9.91471e+07,9.91471e+07,9.91471e+07,448.776,448.776,448.776,532.347,532.347,532.347
428,639738,639738,639738,64069.3,64069.3,64069.3,66526.4,66526.4,66526.4,1.3381e+07,1.3381e+07,1.3381e+07,1.3914e+07,1.3914e+07,1.3914e+07,434530,434530,434530,434400,434400,434400,9.91504e+07,9.91504e+07,9.91504e+07,448.767,448.767,448.767,532.337,532.337,532.337
429,639620,639620,639620,64060.7,64060.7,64060.7,66517.7,66517.7,66517.7,1.33798e+07,1.33798e+07,1.33798e+07,1.39127e+07,1.39127e+07,1.39127e+07,434515,434515,434515,434386,434386,434386,9.91535e+07,9.91535e+07,9.91535e+07,448.749,448.749,448.749,532.317,532.317,532.317
430,639517,639517,639517,64052.1,64052.1,64052.1,66508.9,66508.9,66508.9,1.33786e+07,1.33786e+07,1.33786e+07,1.39115e+07,1.39115e+07,1.39115e+07,434490,434490,434490,434363,434363,434363,9.91563e+07,9.91563e+07,9.91563e+07,448.723,448.723,448.723,532.288,532.288,532.288
431,639433,639433,639433,64043.5,64043.5,64043.5,66500.3,66500.3,66500.3,1.33776e+07,1.33776e+07,1.33776e+07,1.39104e+07,1.39104e+07,1.39104e+07,434457,434457,434457,434333,434333,434333,9.91589e+07,9.91589e+07,9.91589e+07,448.689,448.689,448.689,532.251,532.251,532.251
432,639369,639369,639369,64035.1,64035.1,64035.1,66491.9,66491.9,66491.9,1.33766e+07,1.33766e+07,1.33766e+07,1.39094e+07,1.39094e+07,1.39094e+07,434417,434417,434417,434294,434294,434294,9.91612e+07,9.91612e+07,9.91612e+07,448.649,448.649,448.649,532.205,532.205,532.205
433,639324,639324,639324,64027,64027,64027,66483.9,66483.9,66483.9,1.33758e+07,1.33758e+07,1.33758e+07,1.39086e+07,1.39086e+07,1.39086e+07,434369,434369,434369,434249,434249,434249,9.91632e+07,9.91632e+07,9.91632e+07,448.601,448.601,448.601,532.152,532.152,532.152
434,639300,639300,639300,64019.3,64019.3,64019.3,66476.3,66476.3,66476.3,1.33751e+07,1.33751e+07,1.33751e+07,1.39079e+07,1.39079e+07,1.39079e+07,434315,434315,434315,434198,434198,434198,9.91647e+07,9.91647e+07,9.91647e+07,448.548,448.548,448.548,532.092,532.092,532.092
435,639297,639297,639297,64012.1,64012.1,64012.1,66469.3,66469.3,66469.3,1.33746e+07,1.33746e+07,1.33746e+07,1.39073e+07,1.39073e+07,1.39073e+07,434255,434255,434255,434141,434141,434141,9.9166e+07,9.9166e+07,9.9166e+07,448.49,448.49,448.49,532.027,532.027,532.027
436,639315,639315,639315,64005.5,64005.5,64005.5,66463,66463,66463,1.33742e+07,1.33742e+07,1.33742e+07,1.3907e+07,1.3907e+07,1.3907e+07,434190,434190,434190,434079,434079,434079,9.91668e+07,9.91668e+07,9.91668e+07,448.428,448.428,448.428,531.956,531.956,531.956
437,639354,639354,639354,63999.7,63999.7,63999.7,66457.4,66457.4,66457.4,1.3374e+07,1.3374e+07,1.3374e+07,1.39068e+07,1.39068e+07,1.39068e+07,434122,434122,434122,434014,434014,434014,9.91671e+07,9.91671e+07,9.91671e+07,448.362,448.362,448.362,531.883,531.883,531.883
438,639413,639413,639413,63994.6,63994.6,63994.6,66452.7,66452.7,66452.7,1.3374e+07,1.3374e+07,1.3374e+07,1.39067e+07,1.39067e+07,1.39067e+07,434050,434050,434050,433946,433946,433946,9.91671e+07,9.91671e+07,9.91671e+07,448.294,448.294,448.294,531.806,531.806,531.806
439,639491,639491,639491,63990.5,63990.5,63990.5,66448.8,66448.8,66448.8,1.33741e+07,1.33741e+07,1.33741e+07,1.39068e+07,1.39068e+07,1.39068e+07,433977,433977,433977,433876,433876,433876,9.91666e+07,9.91666e+07,9.91666e+07,448.225,448.225,448.225,531.728,531.728,531.728
440,639587,639587,639587,63987.2,63987.2,63987.2,66446,66446,66446,1.33744e+07,1.33744e+07,1.33744e+07,1.39071e+07,1.39071e+07,1.39071e+07,433904,433904,433904,433805,433805,433805,9.91657e+07,9.91657e+07,9.91657e+07,448.156,448.156,448.156,531.65,531.65,531.65
441,639699,639699,639699,63984.9,63984.9,63984.9,66444.1,66444.1,66444.1,1.33748e+07,1.33748e+07,1.33748e+07,1.39076e+07,1.39076e+07,1.39076e+07,433831,433831,433831,433735,433735,433735,9.91644e+07,9.91644e+07,9.91644e+07,448.087,448.087,448.087,531.572,531.572,531.572
442,639826,639826,639826,63983.6,63983.6,63983.6,66443.2,66443.2,66443.2,1.33754e+07,1.33754e+07,1.33754e+07,1.39082e+07,1.39082e+07,1.39082e+07,433759,433759,433759,433666,433666,433666,9.91627e+07,9.91627e+07,9.91627e+07,448.02,448.02,448.02,531.497,531.497,531.497
443,639966,639966,639966,63983.4,63983.4,63983.4,66443.4,66443.4,66443.4,1.33761e+07,1.33761e+07,1.33761e+07,1.3909e+07,1.3909e+07,1.3909e+07,433690,433690,433690,433599,433599,433599,9.91606e+07,9.91606e+07,9.91606e+07,447.956,447.956,447.956,531.424,531.424,531.424
444,640117,640117,640117,63984.1,63984.1,63984.1,66444.6,66444.6,66444.6,1.3377e+07,1.3377e+07,1.3377e+07,1.39099e+07,1.39099e+07,1.39099e+07,433624,433624,433624,433535,433535,433535,9.91581e+07,9.91581e+07,9.91581e+07,447.896,447.896,447.896,531.355,531.355,531.355
445,640276,640276,640276,63985.8,63985.8,63985.8,66446.7,66446.7,66446.7,1.33779e+07,1.33779e+07,1.33779e+07,1.39109e+07,1.39109e+07,1.39109e+07,433563,433563,433563,433476,433476,433476,9.91553e+07,9.91553e+07,9.91553e+07,447.84,447.84,447.84,531.292,531.292,531.292
446,640441,640441,640441,63988.5,63988.5,63988.5,66449.8,66449.8,66449.8,1.3379e+07,1.3379e+07,1.3379e+07,1.39121e+07,1.39121e+07,1.39121e+07,433507,433507,433507,433422,433422,433422,9.91523e+07,9.91523e+07,9.91523e+07,447.789,447.789,447.789,531.234,531.234,531.234
447,640610,640610,640610,63992,63992,63992,66453.8,66453.8,66453.8,1.33802e+07,1.33802e+07,1.33802e+07,1.39133e+07,1.39133e+07,1.39133e+07,433457,433457,433457,433373,433373,433373,9.91489e+07,9.91489e+07,9.91489e+07,447.744,447.744,447.744,531.183,531.183,531.183
448,640780,640780,640780,63996.4,63996.4,63996.4,66458.6,66458.6,66458.6,1.33814e+07,1.33814e+07,1.33814e+07,1.39146e+07,1.39146e+07,1.39146e+07,433414,433414,433414,433331,433331,433331,9.91453e+07,9.91453e+07,9.91453e+07,447.706,447.706,447.706,531.139,531.139,531.139
449,640949,640949,640949,64001.6,64001.6,64001.6,66464.1,66464.1,66464.1,1.33827e+07,1.33827e+07,1.33827e+07,1.39159e+07,1.39159e+07,1.39159e+07,433378,433378,433378,433295,433295,433295,9.91416e+07,9.91416e+07,9.91416e+07,447.674,447.674,447.674,531.103,531.103,531.103
450,641114,641114,641114,64007.4,64007.4,64007.4,66470.3,66470.3,66470.3,1.3384e+07,1.3384e+07,1.3384e+07,1.39173e+07,1.39173e+07,1.39173e+07,433350,433350,433350,433267,433267,433267,9.91377e+07,9.91377e+07,9.91377e+07,447.651,447.651,447.651,531.076,531.076,531.076
451,641272,641272,641272,64013.9,64013.9,64013.9,66477,66477,66477,1.33853e+07,1.33853e+07,1.33853e+07,1.39187e+07,1.39187e+07,1.39187e+07,433330,433330,433330,433247,433247,433247,9.91338e+07,9.91338e+07,9.91338e+07,447.635,447.635,447.635,531.057,531.057,531.057
452,641422,641422,641422,64020.8,64020.8,64020.8,66484.3,66484.3,66484.3,1.33866e+07,1.33866e+07,1.33866e+07,1.39201e+07,1.39201e+07,1.39201e+07,433319,433319,433319,433235,433235,433235,9.91298e+07,9.91298e+07,9.91298e+07,447.627,447.627,447.627,531.048,531.048,531.048
453,641560,641560,641560,64028.2,64028.2,64028.2,66491.8,66491.8,66491.8,1.33879e+07,1.33879e+07,1.33879e+07,1.39214e+07,1.39214e+07,1.39214e+07,433317,433317,433317,433232,433232,433232,9.91258e+07,9.91258e+07,9.91258e+07,447.627,447.627,447.627,531.047,531.047,531.047
454,641685,641685,641685,64035.8,64035.8,64035.8,66499.6,66499.6,66499.6,1.33891e+07,1.33891e+07,1.33891e+07,1.39227e+07,1.39227e+07,1.39227e+07,433323,433323,433323,433237,433237,433237,9.91219e+07,9.91219e+07,9.91219e+07,447.635,447.635,447.635,531.056,531.056,531.056
455,641794,641794,641794,64043.6,64043.6,64043.6,66507.5,66507.5,66507.5,1.33903e+07,1.33903e+07,1.33903e+07,1.39239e+07,1.39239e+07,1.39239e+07,433338,433338,433338,433250,433250,433250,9.91181e+07,9.91181e+07,9.91181e+07,447.652,447.652,447.652,531.074,531.074,531.074
456,641886,641886,641886,64051.4,64051.4,64051.4,66515.4,66515.4,66515.4,1.33914e+07,1.33914e+07,1.33914e+07,1.39251e+07,1.39251e+07,1.39251e+07,433361,433361,433361,433271,433271,433271,9.91144e+07,9.91144e+07,9.91144e+07,447.676,447.676,447.676,531.101,531.101,531.101
457,641960,641960,641960,64059.2,64059.2,64059.2,66523.1,66523.1,66523.1,1.33923e+07,1.33923e+07,1.33923e+07,1.39261e+07,1.39261e+07,1.39261e+07,433392,433392,433392,433300,433300,433300,9.9111e+07,9.9111e+07,9.9111e+07,447.707,447.707,447.707,531.136,531.136,531.136
458,642014,642014,642014,64066.6,64066.6,64066.6,66530.5,66530.5,66530.5,1.33932e+07,1.33932e+07,1.33932e+07,1.3927e+07,1.3927e+07,1.3927e+07,433431,433431,433431,433336,433336,433336,9.91077e+07,9.91077e+07,9.91077e+07,447.746,447.746,447.746,531.178,531.178,531.178
459,642047,642047,642047,64073.8,64073.8,64073.8,66537.5,66537.5,66537.5,1.33939e+07,1.33939e+07,1.33939e+07,1.39277e+07,1.39277e+07,1.39277e+07,433476,433476,433476,433379,433379,433379,9.91048e+07,9.91048e+07,9.91048e+07,447.79,447.79,447.79,531.228,531.228,531.228
460,642058,642058,642058,64080.4,64080.4,64080.4,66544,66544,66544,1.33945e+07,1.33945e+07,1.33945e+07,1.39283e+07,1.39283e+07,1.39283e+07,433528,433528,433528,433428,433428,433428,9.91021e+07,9.91021e+07,9.91021e+07,447.84,447.84,447.84,531.284,531.284,531.284
461,642048,642048,642048,64086.5,64086.5,64086.5,66549.8,66549.8,66549.8,1.33949e+07,1.33949e+07,1.33949e+07,1.39287e+07,1.39287e+07,1.39287e+07,433585,433585,433585,433481,433481,433481,9.90997e+07,9.90997e+07,9.90997e+07,447.895,447.895,447.895,531.345,531.345,531.345
462,642016,642016,642016,64091.9,64091.9,64091.9,66554.9,66554.9,66554.9,1.33951e+07,1.33951e+07,1.33951e+07,1.3929e+07,1.3929e+07,1.3929e+07,433646,433646,433646,433540,433540,433540,9.90977e+07,9.90977e+07,9.90977e+07,447.953,447.953,447.953,531.411,531.411,531.411
463,641963,641963,641963,64096.4,64096.4,64096.4,66559.1,66559.1,66559.1,1.33952e+07,1.33952e+07,1.33952e+07,1.39291e+07,1.39291e+07,1.39291e+07,433711,433711,433711,433601,433601,433601,9.9096e+07,9.9096e+07,9.9096e+07,448.015,448.015,448.015,531.479,531.479,531.479
464,641889,641889,641889,64100.2,64100.2,64100.2,66562.4,66562.4,66562.4,1.33951e+07,1.33951e+07,1.33951e+07,1.39289e+07,1.39289e+07,1.39289e+07,433778,433778,433778,433666,433666,433666,9.90947e+07,9.90947e+07,9.90947e+07,448.078,448.078,448.078,531.55,531.55,531.55
465,641795,641795,641795,64102.9,64102.9,64102.9,66564.8,66564.8,66564.8,1.33948e+07,1.33948e+07,1.33948e+07,1.39287e+07,1.39287e+07,1.39287e+07,433847,433847,433847,433731,433731,433731,9.90938e+07,9.90938e+07,9.90938e+07,448.142,448.142,448.142,531.622,531.622,531.622
466,641683,641683,641683,64104.7,64104.7,64104.7,66566.1,66566.1,66566.1,1.33944e+07,1.33944e+07,1.33944e+07,1.39282e+07,1.39282e+07,1.39282e+07,433916,433916,433916,433797,433797,433797,9.90932e+07,9.90932e+07,9.90932e+07,448.206,448.206,448.206,531.695,531.695,531.695
467,641554,641554,641554,64105.5,64105.5,64105.5,66566.4,66566.4,66566.4,1.33938e+07,1.33938e+07,1.33938e+07,1.39276e+07,1.39276e+07,1.39276e+07,433984,433984,433984,433863,433863,433863,9.9093e+07,9.9093e+07,9.9093e+07,448.269,448.269,448.269,531.765,531.765,531.765
468,641409,641409,641409,64105.1,64105.1,64105.1,66565.6,66565.6,66565.6,1.3393e+07,1.3393e+07,1.3393e+07,1.39268e+07,1.39268e+07,1.39268e+07,434051,434051,434051,433927,433927,433927,9.90932e+07,9.90932e+07,9.90932e+07,448.33,448.33,448.33,531.834,531.834,531.834
469,641251,641251,641251,64103.7,64103.7,64103.7,66563.7,66563.7,66563.7,1.33921e+07,1.33921e+07,1.33921e+07,1.39258e+07,1.39258e+07,1.39258e+07,434114,434114,434114,433988,433988,433988,9.90937e+07,9.90937e+07,9.90937e+07,448.388,448.388,448.388,531.899,531.899,531.899
470,641082,641082,641082,64101.2,64101.2,64101.2,66560.7,66560.7,66560.7,1.33911e+07,1.33911e+07,1.33911e+07,1.39247e+07,1.39247e+07,1.39247e+07,434174,434174,434174,434046,434046,434046,9.90945e+07,9.90945e+07,9.90945e+07,448.442,448.442,448.442,531.96,531.96,531.96
471,640904,640904,640904,64097.7,64097.7,64097.7,66556.6,66556.6,66556.6,1.33899e+07,1.33899e+07,1.33899e+07,1.39235e+07,1.39235e+07,1.39235e+07,434229,434229,434229,434099,434099,434099,9.90957e+07,9.90957e+07,9.90957e+07,448.491,448.491,448.491,532.015,532.015,532.015
472,640720,640720,640720,64093.1,64093.1,64093.1,66551.5,66551.5,66551.5,1.33886e+07,1.33886e+07,1.33886e+07,1.39221e+07,1.39221e+07,1.39221e+07,434278,434278,434278,434146,434146,434146,9.90971e+07,9.90971e+07,9.90971e+07,448.534,448.534,448.534,532.063,532.063,532.063
473,640531,640531,640531,64087.6,64087.6,64087.6,66545.5,66545.5,66545.5,1.33873e+07,1.33873e+07,1.33873e+07,1.39207e+07,1.39207e+07,1.39207e+07,434321,434321,434321,434188,434188,434188,9.90987e+07,9.90987e+07,9.90987e+07,448.571,448.571,448.571,532.105,532.105,532.105
474,640342,640342,640342,64081.1,64081.1,64081.1,66538.5,66538.5,66538.5,1.33858e+07,1.33858e+07,1.33858e+07,1.39191e+07,1.39191e+07,1.39191e+07,434356,434356,434356,434222,434222,434222,9.91005e+07,9.91005e+07,9.91005e+07,448.601,448.601,448.601,532.139,532.139,532.139
475,640154,640154,640154,64073.9,64073.9,64073.9,66530.8,66530.8,66530.8,1.33843e+07,1.33843e+07,1.33843e+07,1.39176e+07,1.39176e+07,1.39176e+07,434384,434384,434384,434249,434249,434249,9.91025e+07,9.91025e+07,9.91025e+07,448.623,448.623,448.623,532.164,532.164,532.164
476,639971,639971,639971,64065.8,64065.8,64065.8,66522.4,66522.4,66522.4,1.33828e+07,1.33828e+07,1.33828e+07,1.3916e+07,1.3916e+07,1.3916e+07,434403,434403,434403,434269,434269,434269,9.91046e+07,9.91046e+07,9.91046e+07,448.637,448.637,448.637,532.18,532.18,532.18
477,639793,639793,639793,64057.2,64057.2,64057.2,66513.3,66513.3,66513.3,1.33813e+07,1.33813e+07,1.33813e+07,1.39143e+07,1.39143e+07,1.39143e+07,434414,434414,434414,434280,434280,434280,9.91067e+07,9.91067e+07,9.91067e+07,448.643,448.643,448.643,532.186,532.186,532.186
478,639625,639625,639625,64048,64048,64048,66503.8,66503.8,66503.8,1.33797e+07,1.33797e+07,1.33797e+07,1.39127e+07,1.39127e+07,1.39127e+07,434416,434416,434416,434282,434282,434282,9.9109e+07,9.9109e+07,9.9109e+07,448.641,448.641,448.641,532.184,532.184,532.184
479,639469,639469,639469,64038.3,64038.3,64038.3,66493.8,66493.8,66493.8,1.33782e+07,1.33782e+07,1.33782e+07,1.39112e+07,1.39112e+07,1.39112e+07,434408,434408,434408,434276,434276,434276,9.91112e+07,9.91112e+07,9.91112e+07,448.63,448.63,448.63,532.171,532.171,532.171
480,639326,639326,639326,64028.4,64028.4,64028.4,66483.7,66483.7,66483.7,1.33768e+07,1.33768e+07,1.33768e+07,1.39096e+07,1.39096e+07,1.39096e+07,434392,434392,434392,434261,434261,434261,9.91133e+07,9.91133e+07,9.91133e+07,448.61,448.61,448.61,532.15,532.15,532.15
481,639198,639198,639198,64018.3,64018.3,64018.3,66473.4,66473.4,66473.4,1.33754e+07,1.33754e+07,1.33754e+07,1.39082e+07,1.39082e+07,1.39082e+07,434367,434367,434367,434238,434238,434238,9.91154e+07,9.91154e+07,9.91154e+07,448.583,448.583,448.583,532.118,532.118,532.118
482,639088,639088,639088,64008.2,64008.2,64008.2,66463.2,66463.2,66463.2,1.33741e+07,1.33741e+07,1.33741e+07,1.39069e+07,1.39069e+07,1.39069e+07,434334,434334,434334,434206,434206,434206,9.91174e+07,9.91174e+07,9.91174e+07,448.547,448.547,448.547,532.078,532.078,532.078
483,638997,638997,638997,63998.2,63998.2,63998.2,66453.1,66453.1,66453.1,1.33729e+07,1.33729e+07,1.33729e+07,1.39056e+07,1.39056e+07,1.39056e+07,434292,434292,434292,434167,434167,434167,9.91192e+07,9.91192e+07,9.91192e+07,448.504,448.504,448.504,532.03,532.03,532.03
484,638925,638925,638925,63988.4,63988.4,63988.4,66443.3,66443.3,66443.3,1.33719e+07,1.33719e+07,1.33719e+07,1.39045e+07,1.39045e+07,1.39045e+07,434242,434242,434242,434120,434120,434120,9.91208e+07,9.91208e+07,9.91208e+07,448.454,448.454,448.454,531.973,531.973,531.973
485,638875,638875,638875,63978.9,63978.9,63978.9,66433.9,66433.9,66433.9,1.3371e+07,1.3371e+07,1.3371e+07,1.39036e+07,1.39036e+07,1.39036e+07,434186,434186,434186,434066,434066,434066,9.91221e+07,9.91221e+07,9.91221e+07,448.398,448.398,448.398,531.91,531.91,531.91
486,638846,638846,638846,63969.9,63969.9,63969.9,66425,66425,66425,1.33702e+07,1.33702e+07,1.33702e+07,1.39028e+07,1.39028e+07,1.39028e+07,434123,434123,434123,434007,434007,434007,9.91233e+07,9.91233e+07,9.91233e+07,448.336,448.336,448.336,531.84,531.84,531.84
487,638839,638839,638839,63961.5,63961.5,63961.5,66416.8,66416.8,66416.8,1.33696e+07,1.33696e+07,1.33696e+07,1.39021e+07,1.39021e+07,1.39021e+07,434055,434055,434055,433942,433942,433942,9.91242e+07,9.91242e+07,9.91242e+07,448.269,448.269,448.269,531.764,531.764,531.764
488,638855,638855,638855,63953.8,63953.8,63953.8,66409.3,66409.3,66409.3,1.33692e+07,1.33692e+07,1.33692e+07,1.39017e+07,1.39017e+07,1.39017e+07,433982,433982,433982,433872,433872,433872,9.91247e+07,9.91247e+07,9.91247e+07,448.198,448.198,448.198,531.685,531.685,531.685
489,638892,638892,638892,63946.9,63946.9,63946.9,66402.6,66402.6,66402.6,1.33689e+07,1.33689e+07,1.33689e+07,1.39014e+07,1.39014e+07,1.39014e+07,433906,433906,433906,433800,433800,433800,9.9125e+07,9.9125e+07,9.9125e+07,448.125,448.125,448.125,531.601,531.601,531.601
490,638951,638951,638951,63940.9,63940.9,63940.9,66396.9,66396.9,66396.9,1.33688e+07,1.33688e+07,1.33688e+07,1.39013e+07,1.39013e+07,1.39013e+07,433828,433828,433828,433724,433724,433724,9.91251e+07,9.91251e+07,9.91251e+07,448.049,448.049,448.049,531.516,531.516,531.516
491,639030,639030,639030,63935.8,63935.8,63935.8,66392.2,66392.2,66392.2,1.33689e+07,1.33689e+07,1.33689e+07,1.39015e+07,1.39015e+07,1.39015e+07,433747,433747,433747,433647,433647,433647,9.91248e+07,9.91248e+07,9.91248e+07,447.972,447.972,447.972,531.429,531.429,531.429
492,639128,639128,639128,63931.7,63931.7,63931.7,66388.5,66388.5,66388.5,1.33692e+07,1.33692e+07,1.33692e+07,1.39018e+07,1.39018e+07,1.39018e+07,433667,433667,433667,433570,433570,433570,9.91242e+07,9.91242e+07,9.91242e+07,447.896,447.896,447.896,531.343,531.343,531.343
493,639244,639244,639244,63928.6,63928.6,63928.6,66385.9,66385.9,66385.9,1.33696e+07,1.33696e+07,1.33696e+07,1.39022e+07,1.39022e+07,1.39022e+07,433587,433587,433587,433493,433493,433493,9.91233e+07,9.91233e+07,9.91233e+07,447.82,447.82,447.82,531.257,531.257,531.257
494,639377,639377,639377,63926.7,63926.7,63926.7,66384.4,66384.4,66384.4,1.33703e+07,1.33703e+07,1.33703e+07,1.39029e+07,1.39029e+07,1.39029e+07,433508,433508,433508,433418,433418,433418,9.91222e+07,9.91222e+07,9.91222e+07,447.747,447.747,447.747,531.174,531.174,531.174
495,639524,639524,639524,63925.8,63925.8,63925.8,66384,66384,66384,1.33711e+07,1.33711e+07,1.33711e+07,1.39037e+07,1.39037e+07,1.39037e+07,433433,433433,433433,433345,433345,433345,9.91208e+07,9.91208e+07,9.91208e+07,447.676,447.676,447.676,531.094,531.094,531.094
496,639683,639683,639683,63926.1,63926.1,63926.1,66384.8,66384.8,66384.8,1.3372e+07,1.3372e+07,1.3372e+07,1.39047e+07,1.39047e+07,1.39047e+07,433362,433362,433362,433276,433276,433276,9.91192e+07,9.91192e+07,9.91192e+07,447.61,447.61,447.61,531.019,531.019,531.019
497,639852,639852,639852,63927.5,63927.5,63927.5,66386.6,66386.6,66386.6,1.33731e+07,1.33731e+07,1.33731e+07,1.39059e+07,1.39059e+07,1.39059e+07,433295,433295,433295,433212,433212,433212,9.91174e+07,9.91174e+07,9.91174e+07,447.549,447.549,447.549,530.95,530.95,530.95
498,640028,640028,640028,63930,63930,63930,66389.6,66389.6,66389.6,1.33743e+07,1.33743e+07,1.33743e+07,1.39071e+07,1.39071e+07,1.39071e+07,433235,433235,433235,433153,433153,433153,9.91154e+07,9.91154e+07,9.91154e+07,447.493,447.493,447.493,530.887,530.887,530.887
499,640210,640210,640210,63933.5,63933.5,63933.5,66393.6,66393.6,66393.6,1.33756e+07,1.33756e+07,1.33756e+07,1.39085e+07,1.39085e+07,1.39085e+07,433181,433181,433181,433101,433101,433101,9.91133e+07,9.91133e+07,9.91133e+07,447.444,447.444,447.444,530.832,530.832,530.832
500,640393,640393,640393,63938,63938,63938,66398.6,66398.6,66398.6,1.3377e+07,1.3377e+07,1.3377e+07,1.391e+07,1.391e+07,1.391e+07,433135,433135,433135,433056,433056,433056,9.9111e+07,9.9111e+07,9.9111e+07,447.403,447.403,447.403,530.785,530.785,530.785
501,640576,640576,640576,63943.5,63943.5,63943.5,66404.4,66404.4,66404.4,1.33784e+07,1.33784e+07,1.33784e+07,1.39115e+07,1.39115e+07,1.39115e+07,433098,433098,433098,433019,433019,433019,9.91087e+07,9.91087e+07,9.91087e+07,447.37,447.37,447.37,530.747,530.747,530.747
502,640755,640755,640755,63949.7,63949.7,63949.7,66411.1,66411.1,66411.1,1.33799e+07,1.33799e+07,1.33799e+07,1.39131e+07,1.39131e+07,1.39131e+07,433069,433069,433069,432991,432991,432991,9.91063e+07,9.91063e+07,9.91063e+07,447.345,447.345,447.345,530.719,530.719,530.719
503,640928,640928,640928,63956.7,63956.7,63956.7,66418.4,66418.4,66418.4,1.33815e+07,1.33815e+07,1.33815e+07,1.39147e+07,1.39147e+07,1.39147e+07,433049,433049,433049,432971,432971,432971,9.9104e+07,9.9104e+07,9.9104e+07,447.33,447.33,447.33,530.701,530.701,530.701
504,641093,641093,641093,63964.2,63964.2,63964.2,66426.3,66426.3,66426.3,1.3383e+07,1.3383e+07,1.3383e+07,1.39163e+07,1.39163e+07,1.39163e+07,433039,433039,433039,432960,432960,432960,9.91016e+07,9.91016e+07,9.91016e+07,447.323,447.323,447.323,530.693,530.693,530.693
505,641247,641247,641247,63972.3,63972.3,63972.3,66434.6,66434.6,66434.6,1.33845e+07,1.33845e+07,1.33845e+07,1.39179e+07,1.39179e+07,1.39179e+07,433038,433038,433038,432959,432959,432959,9.90994e+07,9.90994e+07,9.90994e+07,447.325,447.325,447.325,530.695,530.695,530.695
506,641388,641388,641388,63980.7,63980.7,63980.7,66443.2,66443.2,66443.2,1.3386e+07,1.3386e+07,1.3386e+07,1.39195e+07,1.39195e+07,1.39195e+07,433046,433046,433046,432966,432966,432966,9.90973e+07,9.90973e+07,9.90973e+07,447.335,447.335,447.335,530.707,530.707,530.707
507,641514,641514,641514,63989.3,63989.3,63989.3,66451.9,66451.9,66451.9,1.33874e+07,1.33874e+07,1.33874e+07,1.3921e+07,1.3921e+07,1.3921e+07,433064,433064,433064,432982,432982,432982,9.90953e+07,9.90953e+07,9.90953e+07,447.355,447.355,447.355,530.728,530.728,530.728
508,641623,641623,641623,63998,63998,63998,66460.8,66460.8,66460.8,1.33888e+07,1.33888e+07,1.33888e+07,1.39224e+07,1.39224e+07,1.39224e+07,433091,433091,433091,433007,433007,433007,9.90935e+07,9.90935e+07,9.90935e+07,447.383,447.383,447.383,530.76,530.76,530.76
509,641714,641714,641714,64006.7,64006.7,64006.7,66469.5,66469.5,66469.5,1.339e+07,1.339e+07,1.339e+07,1.39237e+07,1.39237e+07,1.39237e+07,433126,433126,433126,433040,433040,433040,9.9092e+07,9.9092e+07,9.9092e+07,447.418,447.418,447.418,530.8,530.8,530.8
510,641785,641785,641785,64015.2,64015.2,64015.2,66478,66478,66478,1.33911e+07,1.33911e+07,1.33911e+07,1.39249e+07,1.39249e+07,1.39249e+07,433169,433169,433169,433081,433081,433081,9.90907e+07,9.90907e+07,9.90907e+07,447.461,447.461,447.461,530.848,530.848,530.848
511,641836,641836,641836,64023.5,64023.5,64023.5,66486.2,66486.2,66486.2,1.33922e+07,1.33922e+07,1.33922e+07,1.39259e+07,1.39259e+07,1.39259e+07,433220,433220,433220,433129,433129,433129,9.90897e+07,9.90897e+07,9.90897e+07,447.511,447.511,447.511,530.905,530.905,530.905
512,641865,641865,641865,64031.3,64031.3,64031.3,66493.9,66493.9,66493.9,1.3393e+07,1.3393e+07,1.3393e+07,1.39268e+07,1.39268e+07,1.39268e+07,433278,433278,433278,433184,433184,433184,9.9089e+07,9.9089e+07,9.9089e+07,447.568,447.568,447.568,530.968,530.968,530.968
513,641872,641872,641872,64038.7,64038.7,64038.7,66501.1,66501.1,66501.1,1.33937e+07,1.33937e+07,1.33937e+07,1.39275e+07,1.39275e+07,1.39275e+07,433341,433341,433341,433245,433245,433245,9.90886e+07,9.90886e+07,9.90886e+07,447.629,447.629,447.629,531.037,531.037,531.037
514,641858,641858,641858,64045.4,64045.4,64045.4,66507.5,66507.5,66507.5,1.33943e+07,1.33943e+07,1.33943e+07,1.39281e+07,1.39281e+07,1.39281e+07,433410,433410,433410,433310,433310,433310,9.90886e+07,9.90886e+07,9.90886e+07,447.695,447.695,447.695,531.112,531.112,531.112
515,641821,641821,641821,64051.3,64051.3,64051.3,66513.2,66513.2,66513.2,1.33947e+07,1.33947e+07,1.33947e+07,1.39285e+07,1.39285e+07,1.39285e+07,433483,433483,433483,433380,433380,433380,9.90889e+07,9.90889e+07,9.90889e+07,447.765,447.765,447.765,531.19,531.19,531.19
516,641763,641763,641763,64056.4,64056.4,64056.4,66518,66518,66518,1.33949e+07,1.33949e+07,1.33949e+07,1.39287e+07,1.39287e+07,1.39287e+07,433559,433559,433559,433453,433453,433453,9.90896e+07,9.90896e+07,9.90896e+07,447.837,447.837,447.837,531.272,531.272,531.272
517,641685,641685,641685,64060.6,64060.6,64060.6,66521.8,66521.8,66521.8,1.33949e+07,1.33949e+07,1.33949e+07,1.39288e+07,1.39288e+07,1.39288e+07,433637,433637,433637,433527,433527,433527,9.90907e+07,9.90907e+07,9.90907e+07,447.91,447.91,447.91,531.355,531.355,531.355
518,641588,641588,641588,64063.9,64063.9,64063.9,66524.7,66524.7,66524.7,1.33948e+07,1.33948e+07,1.33948e+07,1.39286e+07,1.39286e+07,1.39286e+07,433715,433715,433715,433603,433603,433603,9.90921e+07,9.90921e+07,9.90921e+07,447.984,447.984,447.984,531.438,531.438,531.438
519,641473,641473,641473,64066.1,64066.1,64066.1,66526.4,66526.4,66526.4,1.33945e+07,1.33945e+07,1.33945e+07,1.39283e+07,1.39283e+07,1.39283e+07,433794,433794,433794,433678,433678,433678,9.90938e+07,9.90938e+07,9.90938e+07,448.057,448.057,448.057,531.521,531.521,531.521
520,641341,641341,641341,64067.2,64067.2,64067.2,66527.1,66527.1,66527.1,1.33941e+07,1.33941e+07,1.33941e+07,1.39278e+07,1.39278e+07,1.39278e+07,433870,433870,433870,433752,433752,433752,9.90959e+07,9.90959e+07,9.90959e+07,448.128,448.128,448.128,531.602,531.602,531.602
521,641196,641196,641196,64067.3,64067.3,64067.3,66526.7,66526.7,66526.7,1.33934e+07,1.33934e+07,1.33934e+07,1.39271e+07,1.39271e+07,1.39271e+07,433945,433945,433945,433824,433824,433824,9.90982e+07,9.90982e+07,9.90982e+07,448.197,448.197,448.197,531.679,531.679,531.679
522,641038,641038,641038,64066.3,64066.3,64066.3,66525.2,66525.2,66525.2,1.33927e+07,1.33927e+07,1.33927e+07,1.39263e+07,1.39263e+07,1.39263e+07,434016,434016,434016,433893,433893,433893,9.91009e+07,9.91009e+07,9.91009e+07,448.262,448.262,448.262,531.753,531.753,531.753
523,640871,640871,640871,64064.2,64064.2,64064.2,66522.6,66522.6,66522.6,1.33918e+07,1.33918e+07,1.33918e+07,1.39254e+07,1.39254e+07,1.39254e+07,434082,434082,434082,433957,433957,433957,9.91038e+07,9.91038e+07,9.91038e+07,448.322,448.322,448.322,531.822,531.822,531.822
524,640696,640696,640696,64061.1,64061.1,64061.1,66519,66519,66519,1.33908e+07,1.33908e+07,1.33908e+07,1.39243e+07,1.39243e+07,1.39243e+07,434143,434143,434143,434016,434016,434016,9.91069e+07,9.91069e+07,9.91069e+07,448.377,448.377,448.377,531.884,531.884,531.884
525,640516,640516,640516,64057,64057,64057,66514.4,66514.4,66514.4,1.33897e+07,1.33897e+07,1.33897e+07,1.39231e+07,1.39231e+07,1.39231e+07,434197,434197,434197,434070,434070,434070,9.91101e+07,9.91101e+07,9.91101e+07,448.426,448.426,448.426,531.939,531.939,531.939
526,640334,640334,640334,64051.9,64051.9,64051.9,66508.9,66508.9,66508.9,1.33885e+07,1.33885e+07,1.33885e+07,1.39219e+07,1.39219e+07,1.39219e+07,434245,434245,434245,434116,434116,434116,9.91135e+07,9.91135e+07,9.91135e+07,448.468,448.468,448.468,531.987,531.987,531.987
527,640152,640152,640152,64046,64046,64046,66502.5,66502.5,66502.5,1.33872e+07,1.33872e+07,1.33872e+07,1.39205e+07,1.39205e+07,1.39205e+07,434285,434285,434285,434155,434155,434155,9.9117e+07,9.9117e+07,9.9117e+07,448.502,448.502,448.502,532.026,532.026,532.026
528,639973,639973,639973,64039.2,64039.2,64039.2,66495.4,66495.4,66495.4,1.33859e+07,1.33859e+07,1.33859e+07,1.39191e+07,1.39191e+07,1.39191e+07,434317,434317,434317,434187,434187,434187,9.91205e+07,9.91205e+07,9.91205e+07,448.529,448.529,448.529,532.057,532.057,532.057
529,639799,639799,639799,64031.8,64031.8,64031.8,66487.6,66487.6,66487.6,1.33845e+07,1.33845e+07,1.33845e+07,1.39177e+07,1.39177e+07,1.39177e+07,434340,434340,434340,434210,434210,434210,9.9124e+07,9.9124e+07,9.9124e+07,448.547,448.547,448.547,532.078,532.078,532.078
530,639633,639633,639633,64023.8,64023.8,64023.8,66479.3,66479.3,66479.3,1.33832e+07,1.33832e+07,1.33832e+07,1.39163e+07,1.39163e+07,1.39163e+07,434354,434354,434354,434224,434224,434224,9.91274e+07,9.91274e+07,9.91274e+07,448.557,448.557,448.557,532.089,532.089,532.089
531,639477,639477,639477,64015.3,64015.3,64015.3,66470.5,66470.5,66470.5,1.33819e+07,1.33819e+07,1.33819e+07,1.39149e+07,1.39149e+07,1.39149e+07,434359,434359,434359,434230,434230,434230,9.91307e+07,9.91307e+07,9.91307e+07,448.558,448.558,448.558,532.091,532.091,532.091
532,639333,639333,639333,64006.4,64006.4,64006.4,66461.4,66461.4,66461.4,1.33805e+07,1.33805e+07,1.33805e+07,1.39135e+07,1.39135e+07,1.39135e+07,434355,434355,434355,434227,434227,434227,9.91339e+07,9.91339e+07,9.91339e+07,448.551,448.551,448.551,532.083,532.083,532.083
533,639203,639203,639203,63997.3,63997.3,63997.3,66452.1,66452.1,66452.1,1.33793e+07,1.33793e+07,1.33793e+07,1.39122e+07,1.39122e+07,1.39122e+07,434341,434341,434341,434216,434216,434216,9.91368e+07,9.91368e+07,9.91368e+07,448.535,448.535,448.535,532.065,532.065,532.065
534,639089,639089,639089,63988.1,63988.1,63988.1,66442.7,66442.7,66442.7,1.33781e+07,1.33781e+07,1.33781e+07,1.3911e+07,1.3911e+07,1.3911e+07,434320,434320,434320,434195,434195,434195,9.91395e+07,9.91395e+07,9.91395e+07,448.511,448.511,448.511,532.038,532.038,532.038
535,638992,638992,638992,63978.9,63978.9,63978.9,66433.4,66433.4,66433.4,1.3377e+07,1.3377e+07,1.3377e+07,1.39098e+07,1.39098e+07,1.39098e+07,434289,434289,434289,434167,434167,434167,9.91419e+07,9.91419e+07,9.91419e+07,448.479,448.479,448.479,532.003,532.003,532.003
536,638914,638914,638914,63969.8,63969.8,63969.8,66424.3,66424.3,66424.3,1.3376e+07,1.3376e+07,1.3376e+07,1.39088e+07,1.39088e+07,1.39088e+07,434251,434251,434251,434131,434131,434131,9.91439e+07,9.91439e+07,9.91439e+07,448.44,448.44,448.44,531.959,531.959,531.959
537,638856,638856,638856,63961,63961,63961,66415.5,66415.5,66415.5,1.33751e+07,1.33751e+07,1.33751e+07,1.39079e+07,1.39079e+07,1.39079e+07,434205,434205,434205,434088,434088,434088,9.91456e+07,9.91456e+07,9.91456e+07,448.394,448.394,448.394,531.907,531.907,531.907
538,638818,638818,638818,63952.6,63952.6,63952.6,66407.2,66407.2,66407.2,1.33744e+07,1.33744e+07,1.33744e+07,1.39071e+07,1.39071e+07,1.39071e+07,434153,434153,434153,434039,434039,434039,9.91469e+07,9.91469e+07,9.91469e+07,448.342,448.342,448.342,531.849,531.849,531.849
539,638800,638800,638800,63944.6,63944.6,63944.6,66399.3,66399.3,66399.3,1.33738e+07,1.33738e+07,1.33738e+07,1.39065e+07,1.39065e+07,1.39065e+07,434095,434095,434095,433983,433983,433983,9.91478e+07,9.91478e+07,9.91478e+07,448.285,448.285,448.285,531.784,531.784,531.784
540,638803,638803,638803,63937.2,63937.2,63937.2,66392.1,66392.1,66392.1,1.33733e+07,1.33733e+07,1.33733e+07,1.3906e+07,1.3906e+07,1.3906e+07,434032,434032,434032,433923,433923,433923,9.91481e+07,9.91481e+07,9.91481e+07,448.223,448.223,448.223,531.715,531.715,531.715
541,638826,638826,638826,63930.5,63930.5,63930.5,66385.7,66385.7,66385.7,1.3373e+07,1.3373e+07,1.3373e+07,1.39057e+07,1.39057e+07,1.39057e+07,433964,433964,433964,433859,433859,433859,9.91481e+07,9.91481e+07,9.91481e+07,448.158,448.158,448.158,531.641,531.641,531.641
542,638869,638869,638869,63924.6,63924.6,63924.6,66380,66380,66380,1.33728e+07,1.33728e+07,1.33728e+07,1.39055e+07,1.39055e+07,1.39055e+07,433894,433894,433894,433791,433791,433791,9.91475e+07,9.91475e+07,9.91475e+07,448.09,448.09,448.09,531.565,531.565,531.565
543,638931,638931,638931,63919.5,63919.5,63919.5,66375.2,66375.2,66375.2,1.33728e+07,1.33728e+07,1.33728e+07,1.39055e+07,1.39055e+07,1.39055e+07,433821,433821,433821,433721,433721,433721,9.91464e+07,9.91464e+07,9.91464e+07,448.021,448.021,448.021,531.486,531.486,531.486
544,639011,639011,639011,63915.3,63915.3,63915.3,66371.3,66371.3,66371.3,1.3373e+07,1.3373e+07,1.3373e+07,1.39057e+07,1.39057e+07,1.39057e+07,433748,433748,433748,433651,433651,433651,9.91449e+07,9.91449e+07,9.91449e+07,447.951,447.951,447.951,531.407,531.407,531.407
545,639108,639108,639108,63912,63912,63912,66368.4,66368.4,66368.4,1.33733e+07,1.33733e+07,1.33733e+07,1.3906e+07,1.3906e+07,1.3906e+07,433674,433674,433674,433580,433580,433580,9.91428e+07,9.91428e+07,9.91428e+07,447.881,447.881,447.881,531.328,531.328,531.328
546,639219,639219,639219,63909.7,63909.7,63909.7,66366.5,66366.5,66366.5,1.33737e+07,1.33737e+07,1.33737e+07,1.39065e+07,1.39065e+07,1.39065e+07,433602,433602,433602,433510,433510,433510,9.91402e+07,9.91402e+07,9.91402e+07,447.813,447.813,447.813,531.251,531.251,531.251
547,639342,639342,639342,63908.4,63908.4,63908.4,66365.5,66365.5,66365.5,1.33743e+07,1.33743e+07,1.33743e+07,1.39071e+07,1.39071e+07,1.39071e+07,433531,433531,433531,433442,433442,433442,9.91372e+07,9.91372e+07,9.91372e+07,447.747,447.747,447.747,531.176,531.176,531.176
548,639477,639477,639477,63908.1,63908.1,63908.1,66365.6,66365.6,66365.6,1.3375e+07,1.3375e+07,1.3375e+07,1.39078e+07,1.39078e+07,1.39078e+07,433464,433464,433464,433377,433377,433377,9.91337e+07,9.91337e+07,9.91337e+07,447.684,447.684,447.684,531.104,531.104,531.104
549,639620,639620,639620,63908.7,63908.7,63908.7,66366.6,66366.6,66366.6,1.33758e+07,1.33758e+07,1.33758e+07,1.39086e+07,1.39086e+07,1.39086e+07,433401,433401,433401,433315,433315,433315,9.91298e+07,9.91298e+07,9.91298e+07,447.626,447.626,447.626,531.037,531.037,531.037
550,639769,639769,639769,63910.2,63910.2,63910.2,66368.5,66368.5,66368.5,1.33767e+07,1.33767e+07,1.33767e+07,1.39096e+07,1.39096e+07,1.39096e+07,433342,433342,433342,433258,433258,433258,9.91256e+07,9.91256e+07,9.91256e+07,447.572,447.572,447.572,530.976,530.976,530.976
551,639923,639923,639923,63912.6,63912.6,63912.6,66371.2,66371.2,66371.2,1.33776e+07,1.33776e+07,1.33776e+07,1.39106e+07,1.39106e+07,1.39106e+07,433289,433289,433289,433206,433206,433206,9.91209e+07,9.91209e+07,9.91209e+07,447.523,447.523,447.523,530.92,530.92,530.92
552,640077,640077,640077,63915.8,63915.8,63915.8,66374.8,66374.8,66374.8,1.33787e+07,1.33787e+07,1.33787e+07,1.39117e+07,1.39117e+07,1.39117e+07,433242,433242,433242,433159,433159,433159,9.9116e+07,9.9116e+07,9.9116e+07,447.48,447.48,447.48,530.871,530.871,530.871
553,640231,640231,640231,63919.8,63919.8,63919.8,66379.1,66379.1,66379.1,1.33798e+07,1.33798e+07,1.33798e+07,1.39129e+07,1.39129e+07,1.39129e+07,433201,433201,433201,433119,433119,433119,9.91108e+07,9.91108e+07,9.91108e+07,447.444,447.444,447.444,530.829,530.829,530.829
554,640381,640381,640381,63924.4,63924.4,63924.4,66384,66384,66384,1.33809e+07,1.33809e+07,1.33809e+07,1.3914e+07,1.3914e+07,1.3914e+07,433168,433168,433168,433086,433086,433086,9.91054e+07,9.91054e+07,9.91054e+07,447.415,447.415,447.415,530.795,530.795,530.795
555,640525,640525,640525,63929.6,63929.6,63929.6,66389.5,66389.5,66389.5,1.3382e+07,1.3382e+07,1.3382e+07,1.39152e+07,1.39152e+07,1.39152e+07,433143,433143,433143,433061,433061,433061,9.90998e+07,9.90998e+07,9.90998e+07,447.393,447.393,447.393,530.77,530.77,530.77
556,640661,640661,640661,63935.4,63935.4,63935.4,66395.4,66395.4,66395.4,1.33831e+07,1.33831e+07,1.33831e+07,1.39164e+07,1.39164e+07,1.39164e+07,433126,433126,433126,433043,433043,433043,9.90941e+07,9.90941e+07,9.90941e+07,447.379,447.379,447.379,530.753,530.753,530.753
557,640785,640785,640785,63941.5,63941.5,63941.5,66401.7,66401.7,66401.7,1.33841e+07,1.33841e+07,1.33841e+07,1.39175e+07,1.39175e+07,1.39175e+07,433117,433117,433117,433033,433033,433033,9.90883e+07,9.90883e+07,9.90883e+07,447.372,447.372,447.372,530.745,530.745,530.745
558,640897,640897,640897,63947.9,63947.9,63947.9,66408.2,66408.2,66408.2,1.33851e+07,1.33851e+07,1.33851e+07,1.39185e+07,1.39185e+07,1.39185e+07,433116,433116,433116,433031,433031,433031,9.90824e+07,9.90824e+07,9.90824e+07,447.374,447.374,447.374,530.745,530.745,530.745
559,640993,640993,640993,63954.5,63954.5,63954.5,66414.8,66414.8,66414.8,1.33861e+07,1.33861e+07,1.33861e+07,1.39195e+07,1.39195e+07,1.39195e+07,433124,433124,433124,433038,433038,433038,9.90766e+07,9.90766e+07,9.90766e+07,447.383,447.383,447.383,530.755,530.755,530.755
560,641072,641072,641072,63961.1,63961.1,63961.1,66421.4,66421.4,66421.4,1.33869e+07,1.33869e+07,1.33869e+07,1.39204e+07,1.39204e+07,1.39204e+07,433141,433141,433141,433052,433052,433052,9.90708e+07,9.90708e+07,9.90708e+07,447.4,447.4,447.4,530.773,530.773,530.773
561,641133,641133,641133,63967.6,63967.6,63967.6,66427.9,66427.9,66427.9,1.33876e+07,1.33876e+07,1.33876e+07,1.39211e+07,1.39211e+07,1.39211e+07,433165,433165,433165,433074,433074,433074,9.90651e+07,9.90651e+07,9.90651e+07,447.424,447.424,447.424,530.799,530.799,530.799
562,641173,641173,641173,63973.8,63973.8,63973.8,66434,66434,66434,1.33882e+07,1.33882e+07,1.33882e+07,1.39218e+07,1.39218e+07,1.39218e+07,433196,433196,433196,433102,433102,433102,9.90596e+07,9.90596e+07,9.90596e+07,447.455,447.455,447.455,530.832,530.832,530.832
563,641193,641193,641193,63979.7,63979.7,63979.7,66439.7,66439.7,66439.7,1.33887e+07,1.33887e+07,1.33887e+07,1.39222e+07,1.39222e+07,1.39222e+07,433234,433234,433234,433137,433137,433137,9.90542e+07,9.90542e+07,9.90542e+07,447.491,447.491,447.491,530.872,530.872,530.872
564,641190,641190,641190,63985.2,63985.2,63985.2,66444.9,66444.9,66444.9,1.3389e+07,1.3389e+07,1.3389e+07,1.39225e+07,1.39225e+07,1.39225e+07,433278,433278,433278,433178,433178,433178,9.90491e+07,9.90491e+07,9.90491e+07,447.533,447.533,447.533,530.919,530.919,530.919
565,641166,641166,641166,63990,63990,63990,66449.4,66449.4,66449.4,1.33891e+07,1.33891e+07,1.33891e+07,1.39227e+07,1.39227e+07,1.39227e+07,433327,433327,433327,433224,433224,433224,9.90442e+07,9.90442e+07,9.90442e+07,447.58,447.58,447.58,530.97,530.97,530.97
566,641120,641120,641120,63994.1,63994.1,63994.1,66453.2,66453.2,66453.2,1.33891e+07,1.33891e+07,1.33891e+07,1.39226e+07,1.39226e+07,1.39226e+07,433380,433380,433380,433275,433275,433275,9.90395e+07,9.90395e+07,9.90395e+07,447.63,447.63,447.63,531.026,531.026,531.026
567,641052,641052,641052,63997.4,63997.4,63997.4,66456.1,66456.1,66456.1,1.33888e+07,1.33888e+07,1.33888e+07,1.39224e+07,1.39224e+07,1.39224e+07,433437,433437,433437,433328,433328,433328,9.90351e+07,9.90351e+07,9.90351e+07,447.683,447.683,447.683,531.085,531.085,531.085
568,640962,640962,640962,63999.9,63999.9,63999.9,66458.1,66458.1,66458.1,1.33884e+07,1.33884e+07,1.33884e+07,1.3922e+07,1.3922e+07,1.3922e+07,433496,433496,433496,433384,433384,433384,9.9031e+07,9.9031e+07,9.9031e+07,447.738,447.738,447.738,531.145,531.145,531.145
569,640852,640852,640852,64001.3,64001.3,64001.3,66459,66459,66459,1.33879e+07,1.33879e+07,1.33879e+07,1.39214e+07,1.39214e+07,1.39214e+07,433557,433557,433557,433442,433442,433442,9.90272e+07,9.90272e+07,9.90272e+07,447.794,447.794,447.794,531.207,531.207,531.207
570,640723,640723,640723,64001.8,64001.8,64001.8,66459,66459,66459,1.33871e+07,1.33871e+07,1.33871e+07,1.39205e+07,1.39205e+07,1.39205e+07,433618,433618,433618,433499,433499,433499,9.90236e+07,9.90236e+07,9.90236e+07,447.85,447.85,447.85,531.269,531.269,531.269
571,640575,640575,640575,64001.2,64001.2,64001.2,66457.8,66457.8,66457.8,1.33861e+07,1.33861e+07,1.33861e+07,1.39196e+07,1.39196e+07,1.39196e+07,433678,433678,433678,433557,433557,433557,9.90204e+07,9.90204e+07,9.90204e+07,447.904,447.904,447.904,531.33,531.33,531.33
572,640412,640412,640412,63999.5,63999.5,63999.5,66455.5,66455.5,66455.5,1.3385e+07,1.3385e+07,1.3385e+07,1.39184e+07,1.39184e+07,1.39184e+07,433737,433737,433737,433612,433612,433612,9.90174e+07,9.90174e+07,9.90174e+07,447.957,447.957,447.957,531.388,531.388,531.388
573,640234,640234,640234,63996.6,63996.6,63996.6,66452.1,66452.1,66452.1,1.33838e+07,1.33838e+07,1.33838e+07,1.3917e+07,1.3917e+07,1.3917e+07,433792,433792,433792,433665,433665,433665,9.90147e+07,9.90147e+07,9.90147e+07,448.006,448.006,448.006,531.443,531.443,531.443
574,640044,640044,640044,63992.7,63992.7,63992.7,66447.5,66447.5,66447.5,1.33823e+07,1.33823e+07,1.33823e+07,1.39155e+07,1.39155e+07,1.39155e+07,433843,433843,433843,433714,433714,433714,9.90122e+07,9.90122e+07,9.90122e+07,448.051,448.051,448.051,531.493,531.493,531.493
575,639843,639843,639843,63987.6,63987.6,63987.6,66441.9,66441.9,66441.9,1.33807e+07,1.33807e+07,1.33807e+07,1.39139e+07,1.39139e+07,1.39139e+07,433890,433890,433890,433759,433759,433759,9.901e+07,9.901e+07,9.901e+07,448.091,448.091,448.091,531.537,531.537,531.537
576,639636,639636,639636,63981.5,63981.5,63981.5,66435.1,66435.1,66435.1,1.33791e+07,1.33791e+07,1.33791e+07,1.39121e+07,1.39121e+07,1.39121e+07,433931,433931,433931,433797,433797,433797,9.90079e+07,9.90079e+07,9.90079e+07,448.125,448.125,448.125,531.575,531.575,531.575
577,639423,639423,639423,63974.3,63974.3,63974.3,66427.3,66427.3,66427.3,1.33773e+07,1.33773e+07,1.33773e+07,1.39102e+07,1.39102e+07,1.39102e+07,433965,433965,433965,433830,433830,433830,9.90061e+07,9.90061e+07,9.90061e+07,448.153,448.153,448.153,531.605,531.605,531.605
578,639208,639208,639208,63966.2,63966.2,63966.2,66418.6,66418.6,66418.6,1.33754e+07,1.33754e+07,1.33754e+07,1.39082e+07,1.39082e+07,1.39082e+07,433991,433991,433991,433856,433856,433856,9.90043e+07,9.90043e+07,9.90043e+07,448.173,448.173,448.173,531.627,531.627,531.627
579,638994,638994,638994,63957.1,63957.1,63957.1,66409,66409,66409,1.33734e+07,1.33734e+07,1.33734e+07,1.39062e+07,1.39062e+07,1.39062e+07,434010,434010,434010,433874,433874,433874,9.90026e+07,9.90026e+07,9.90026e+07,448.186,448.186,448.186,531.641,531.641,531.641
580,638782,638782,638782,63947.3,63947.3,63947.3,66398.6,66398.6,66398.6,1.33714e+07,1.33714e+07,1.33714e+07,1.3904e+07,1.3904e+07,1.3904e+07,434020,434020,434020,433883,433883,433883,9.9001e+07,9.9001e+07,9.9001e+07,448.191,448.191,448.191,531.645,531.645,531.645
581,638575,638575,638575,63936.7,63936.7,63936.7,66387.6,66387.6,66387.6,1.33694e+07,1.33694e+07,1.33694e+07,1.39019e+07,1.39019e+07,1.39019e+07,434021,434021,434021,433885,433885,433885,9.89994e+07,9.89994e+07,9.89994e+07,448.187,448.187,448.187,531.639,531.639,531.639
582,638377,638377,638377,63925.5,63925.5,63925.5,66375.9,66375.9,66375.9,1.33673e+07,1.33673e+07,1.33673e+07,1.38998e+07,1.38998e+07,1.38998e+07,434013,434013,434013,433877,433877,433877,9.89978e+07,9.89978e+07,9.89978e+07,448.174,448.174,448.174,531.624,531.624,531.624
583,638189,638189,638189,63913.9,63913.9,63913.9,66363.9,66363.9,66363.9,1.33653e+07,1.33653e+07,1.33653e+07,1.38976e+07,1.38976e+07,1.38976e+07,433996,433996,433996,433861,433861,433861,9.8996e+07,9.8996e+07,9.8996e+07,448.152,448.152,448.152,531.599,531.599,531.599
584,638013,638013,638013,63901.8,63901.8,63901.8,66351.5,66351.5,66351.5,1.33633e+07,1.33633e+07,1.33633e+07,1.38955e+07,1.38955e+07,1.38955e+07,433969,433969,433969,433835,433835,433835,9.89942e+07,9.89942e+07,9.89942e+07,448.122,448.122,448.122,531.563,531.563,531.563
585,637852,637852,637852,63889.5,63889.5,63889.5,66338.9,66338.9,66338.9,1.33613e+07,1.33613e+07,1.33613e+07,1.38935e+07,1.38935e+07,1.38935e+07,433934,433934,433934,433801,433801,433801,9.89922e+07,9.89922e+07,9.89922e+07,448.083,448.083,448.083,531.518,531.518,531.518
586,637707,637707,637707,63877.1,63877.1,63877.1,66326.2,66326.2,66326.2,1.33594e+07,1.33594e+07,1.33594e+07,1.38915e+07,1.38915e+07,1.38915e+07,433889,433889,433889,433758,433758,433758,9.899e+07,9.899e+07,9.899e+07,448.035,448.035,448.035,531.464,531.464,531.464
587,637580,637580,637580,63864.7,63864.7,63864.7,66313.6,66313.6,66313.6,1.33577e+07,1.33577e+07,1.33577e+07,1.38897e+07,1.38897e+07,1.38897e+07,433835,433835,433835,433707,433707,433707,9.89876e+07,9.89876e+07,9.89876e+07,447.98,447.98,447.98,531.4,531.4,531.4
588,637472,637472,637472,63852.4,63852.4,63852.4,66301.2,66301.2,66301.2,1.3356e+07,1.3356e+07,1.3356e+07,1.38879e+07,1.38879e+07,1.38879e+07,433774,433774,433774,433647,433647,433647,9.89849e+07,9.89849e+07,9.89849e+07,447.917,447.917,447.917,531.328,531.328,531.328
589,637385,637385,637385,63840.4,63840.4,63840.4,66289.1,66289.1,66289.1,1.33544e+07,1.33544e+07,1.33544e+07,1.38863e+07,1.38863e+07,1.38863e+07,433704,433704,433704,433581,433581,433581,9.8982e+07,9.8982e+07,9.8982e+07,447.847,447.847,447.847,531.248,531.248,531.248
590,637318,637318,637318,63828.8,63828.8,63828.8,66277.5,66277.5,66277.5,1.3353e+07,1.3353e+07,1.3353e+07,1.38848e+07,1.38848e+07,1.38848e+07,433629,433629,433629,433508,433508,433508,9.89787e+07,9.89787e+07,9.89787e+07,447.771,447.771,447.771,531.161,531.161,531.161
591,637273,637273,637273,63817.7,63817.7,63817.7,66266.4,66266.4,66266.4,1.33517e+07,1.33517e+07,1.33517e+07,1.38835e+07,1.38835e+07,1.38835e+07,433547,433547,433547,433429,433429,433429,9.8975e+07,9.8975e+07,9.8975e+07,447.689,447.689,447.689,531.068,531.068,531.068
592,637249,637249,637249,63807.2,63807.2,63807.2,66256,66256,66256,1.33506e+07,1.33506e+07,1.33506e+07,1.38824e+07,1.38824e+07,1.38824e+07,433459,433459,433459,433345,433345,433345,9.8971e+07,9.8971e+07,9.8971e+07,447.604,447.604,447.604,530.97,530.97,530.97
593,637247,637247,637247,63797.4,63797.4,63797.4,66246.4,66246.4,66246.4,1.33497e+07,1.33497e+07,1.33497e+07,1.38814e+07,1.38814e+07,1.38814e+07,433368,433368,433368,433257,433257,433257,9.89667e+07,9.89667e+07,9.89667e+07,447.514,447.514,447.514,530.868,530.868,530.868
594,637266,637266,637266,63788.4,63788.4,63788.4,66237.6,66237.6,66237.6,1.33489e+07,1.33489e+07,1.33489e+07,1.38806e+07,1.38806e+07,1.38806e+07,433274,433274,433274,433165,433165,433165,9.89619e+07,9.89619e+07,9.89619e+07,447.422,447.422,447.422,530.763,530.763,530.763
595,637305,637305,637305,63780.3,63780.3,63780.3,66229.7,66229.7,66229.7,1.33483e+07,1.33483e+07,1.33483e+07,1.388e+07,1.388e+07,1.388e+07,433177,433177,433177,433072,433072,433072,9.89568e+07,9.89568e+07,9.89568e+07,447.328,447.328,447.328,530.656,530.656,530.656
596,637362,637362,637362,63773.2,63773.2,63773.2,66222.8,66222.8,66222.8,1.33478e+07,1.33478e+07,1.33478e+07,1.38795e+07,1.38795e+07,1.38795e+07,433079,433079,433079,432977,432977,432977,9.89513e+07,9.89513e+07,9.89513e+07,447.234,447.234,447.234,530.548,530.548,530.548
597,637438,637438,637438,63767,63767,63767,66216.9,66216.9,66216.9,1.33476e+07,1.33476e+07,1.33476e+07,1.38792e+07,1.38792e+07,1.38792e+07,432982,432982,432982,432883,432883,432883,9.89454e+07,9.89454e+07,9.89454e+07,447.14,447.14,447.14,530.44,530.44,530.44
598,637530,637530,637530,63761.8,63761.8,63761.8,66212,66212,66212,1.33475e+07,1.33475e+07,1.33475e+07,1.38791e+07,1.38791e+07,1.38791e+07,432885,432885,432885,432789,432789,432789,9.89392e+07,9.89392e+07,9.89392e+07,447.047,447.047,447.047,530.334,530.334,530.334
599,637636,637636,637636,63757.7,63757.7,63757.7,66208.3,66208.3,66208.3,1.33475e+07,1.33475e+07,1.33475e+07,1.38792e+07,1.38792e+07,1.38792e+07,432791,432791,432791,432697,432697,432697,9.89327e+07,9.89327e+07,9.89327e+07,446.957,446.957,446.957,530.231,530.231,530.231
600,637755,637755,637755,63754.7,63754.7,63754.7,66205.6,66205.6,66205.6,1.33477e+07,1.33477e+07,1.33477e+07,1.38794e+07,1.38794e+07,1.38794e+07,432700,432700,432700,432608,432608,432608,9.89258e+07,9.89258e+07,9.89258e+07,446.87,446.87,446.87,530.132,530.132,530.132
601,637883,637883,637883,63752.7,63752.7,63752.7,66203.9,66203.9,66203.9,1.3348e+07,1.3348e+07,1.3348e+07,1.38797e+07,1.38797e+07,1.38797e+07,432613,432613,432613,432524,432524,432524,9.89187e+07,9.89187e+07,9.89187e+07,446.788,446.788,446.788,530.037,530.037,530.037
602,638019,638019,638019,63751.8,63751.8,63751.8,66203.3,66203.3,66203.3,1.33484e+07,1.33484e+07,1.33484e+07,1.38802e+07,1.38802e+07,1.38802e+07,432531,432531,432531,432444,432444,432444,9.89113e+07,9.89113e+07,9.89113e+07,446.711,446.711,446.711,529.949,529.949,529.949
603,638161,638161,638161,63751.8,63751.8,63751.8,66203.7,66203.7,66203.7,1.33489e+07,1.33489e+07,1.33489e+07,1.38808e+07,1.38808e+07,1.38808e+07,432456,432456,432456,432370,432370,432370,9.89037e+07,9.89037e+07,9.89037e+07,446.64,446.64,446.64,529.867,529.867,529.867
604,638305,638305,638305,63752.8,63752.8,63752.8,66205,66205,66205,1.33495e+07,1.33495e+07,1.33495e+07,1.38814e+07,1.38814e+07,1.38814e+07,432387,432387,432387,432302,432302,432302,9.88958e+07,9.88958e+07,9.88958e+07,446.575,446.575,446.575,529.792,529.792,529.792
605,638448,638448,638448,63754.6,63754.6,63754.6,66207.1,66207.1,66207.1,1.33502e+07,1.33502e+07,1.33502e+07,1.38821e+07,1.38821e+07,1.38821e+07,432326,432326,432326,432242,432242,432242,9.88879e+07,9.88879e+07,9.88879e+07,446.518,446.518,446.518,529.726,529.726,529.726
606,638589,638589,638589,63757.3,63757.3,63757.3,66210,66210,66210,1.33509e+07,1.33509e+07,1.33509e+07,1.38829e+07,1.38829e+07,1.38829e+07,432273,432273,432273,432190,432190,432190,9.88798e+07,9.88798e+07,9.88798e+07,446.469,446.469,446.469,529.669,529.669,529.669
607,638725,638725,638725,63760.6,63760.6,63760.6,66213.6,66213.6,66213.6,1.33517e+07,1.33517e+07,1.33517e+07,1.38837e+07,1.38837e+07,1.38837e+07,432229,432229,432229,432145,432145,432145,9.88717e+07,9.88717e+07,9.88717e+07,446.428,446.428,446.428,529.621,529.621,529.621
608,638853,638853,638853,63764.5,63764.5,63764.5,66217.7,66217.7,66217.7,1.33524e+07,1.33524e+07,1.33524e+07,1.38845e+07,1.38845e+07,1.38845e+07,432193,432193,432193,432109,432109,432109,9.88636e+07,9.88636e+07,9.88636e+07,446.395,446.395,446.395,529.582,529.582,529.582
609,638971,638971,638971,63768.9,63768.9,63768.9,66222.2,66222.2,66222.2,1.33531e+07,1.33531e+07,1.33531e+07,1.38852e+07,1.38852e+07,1.38852e+07,432166,432166,432166,432082,432082,432082,9.88554e+07,9.88554e+07,9.88554e+07,446.37,446.37,446.37,529.553,529.553,529.553
610,639077,639077,639077,63773.7,63773.7,63773.7,66227.1,66227.1,66227.1,1.33538e+07,1.33538e+07,1.33538e+07,1.3886e+07,1.3886e+07,1.3886e+07,432149,432149,432149,432063,432063,432063,9.88474e+07,9.88474e+07,9.88474e+07,446.355,446.355,446.355,529.533,529.533,529.533
611,639168,639168,639168,63778.7,63778.7,63778.7,66232.1,66232.1,66232.1,1.33544e+07,1.33544e+07,1.33544e+07,1.38866e+07,1.38866e+07,1.38866e+07,432140,432140,432140,432052,432052,432052,9.88395e+07,9.88395e+07,9.88395e+07,446.347,446.347,446.347,529.523,529.523,529.523
612,639243,639243,639243,63783.8,63783.8,63783.8,66237.2,66237.2,66237.2,1.3355e+07,1.3355e+07,1.3355e+07,1.38872e+07,1.38872e+07,1.38872e+07,432140,432140,432140,432051,432051,432051,9.88317e+07,9.88317e+07,9.88317e+07,446.348,446.348,446.348,529.522,529.522,529.522
613,639301,639301,639301,63788.8,63788.8,63788.8,66242.2,66242.2,66242.2,1.33555e+07,1.33555e+07,1.33555e+07,1.38877e+07,1.38877e+07,1.38877e+07,432148,432148,432148,432057,432057,432057,9.88241e+07,9.88241e+07,9.88241e+07,446.356,446.356,446.356,529.53,529.53,529.53
614,639339,639339,639339,63793.8,63793.8,63793.8,66247,66247,66247,1.33558e+07,1.33558e+07,1.33558e+07,1.38881e+07,1.38881e+07,1.38881e+07,432164,432164,432164,432071,432071,432071,9.88168e+07,9.88168e+07,9.88168e+07,446.371,446.371,446.371,529.545,529.545,529.545
615,639357,639357,639357,63798.4,63798.4,63798.4,66251.4,66251.4,66251.4,1.3356e+07,1.3356e+07,1.3356e+07,1.38883e+07,1.38883e+07,1.38883e+07,432188,432188,432188,432092,432092,432092,9.88097e+07,9.88097e+07,9.88097e+07,446.394,446.394,446.394,529.569,529.569,529.569
616,639353,639353,639353,63802.7,63802.7,63802.7,66255.5,66255.5,66255.5,1.33561e+07,1.33561e+07,1.33561e+07,1.38884e+07,1.38884e+07,1.38884e+07,432218,432218,432218,432119,432119,432119,9.88029e+07,9.88029e+07,9.88029e+07,446.422,446.422,446.422,529.599,529.599,529.599
617,639329,639329,639329,63806.5,63806.5,63806.5,66258.9,66258.9,66258.9,1.33561e+07,1.33561e+07,1.33561e+07,1.38883e+07,1.38883e+07,1.38883e+07,432254,432254,432254,432152,432152,432152,9.87965e+07,9.87965e+07,9.87965e+07,446.456,446.456,446.456,529.636,529.636,529.636
618,639282,639282,639282,63809.6,63809.6,63809.6,66261.7,66261.7,66261.7,1.33558e+07,1.33558e+07,1.33558e+07,1.38881e+07,1.38881e+07,1.38881e+07,432295,432295,432295,432190,432190,432190,9.87903e+07,9.87903e+07,9.87903e+07,446.494,446.494,446.494,529.677,529.677,529.677
619,639214,639214,639214,63812.1,63812.1,63812.1,66263.7,66263.7,66263.7,1.33554e+07,1.33554e+07,1.33554e+07,1.38877e+07,1.38877e+07,1.38877e+07,432341,432341,432341,432233,432233,432233,9.87846e+07,9.87846e+07,9.87846e+07,446.535,446.535,446.535,529.722,529.722,529.722
620,639125,639125,639125,63813.7,63813.7,63813.7,66264.9,66264.9,66264.9,1.33549e+07,1.33549e+07,1.33549e+07,1.38871e+07,1.38871e+07,1.38871e+07,432389,432389,432389,432278,432278,432278,9.87792e+07,9.87792e+07,9.87792e+07,446.579,446.579,446.579,529.771,529.771,529.771
621,639016,639016,639016,63814.4,63814.4,63814.4,66265.1,66265.1,66265.1,1.33541e+07,1.33541e+07,1.33541e+07,1.38863e+07,1.38863e+07,1.38863e+07,432440,432440,432440,432325,432325,432325,9.87741e+07,9.87741e+07,9.87741e+07,446.625,446.625,446.625,529.821,529.821,529.821
622,638887,638887,638887,63814.1,63814.1,63814.1,66264.4,66264.4,66264.4,1.33532e+07,1.33532e+07,1.33532e+07,1.38854e+07,1.38854e+07,1.38854e+07,432491,432491,432491,432374,432374,432374,9.87695e+07,9.87695e+07,9.87695e+07,446.671,446.671,446.671,529.871,529.871,529.871
623,638741,638741,638741,63812.9,63812.9,63812.9,66262.6,66262.6,66262.6,1.33522e+07,1.33522e+07,1.33522e+07,1.38843e+07,1.38843e+07,1.38843e+07,432542,432542,432542,432422,432422,432422,9.87652e+07,9.87652e+07,9.87652e+07,446.716,446.716,446.716,529.921,529.921,529.921
624,638579,638579,638579,63810.6,63810.6,63810.6,66259.7,66259.7,66259.7,1.33509e+07,1.33509e+07,1.33509e+07,1.3883e+07,1.3883e+07,1.3883e+07,432592,432592,432592,432469,432469,432469,9.87612e+07,9.87612e+07,9.87612e+07,446.76,446.76,446.76,529.97,529.97,529.97
625,638402,638402,638402,63807.3,63807.3,63807.3,66255.7,66255.7,66255.7,1.33496e+07,1.33496e+07,1.33496e+07,1.38815e+07,1.38815e+07,1.38815e+07,432640,432640,432640,432514,432514,432514,9.87576e+07,9.87576e+07,9.87576e+07,446.802,446.802,446.802,530.015,530.015,530.015
626,638213,638213,638213,63802.8,63802.8,63802.8,66250.7,66250.7,66250.7,1.3348e+07,1.3348e+07,1.3348e+07,1.38799e+07,1.38799e+07,1.38799e+07,432684,432684,432684,432556,432556,432556,9.87543e+07,9.87543e+07,9.87543e+07,446.84,446.84,446.84,530.057,530.057,530.057
627,638014,638014,638014,63797.3,63797.3,63797.3,66244.6,66244.6,66244.6,1.33464e+07,1.33464e+07,1.33464e+07,1.38782e+07,1.38782e+07,1.38782e+07,432724,432724,432724,432594,432594,432594,9.87513e+07,9.87513e+07,9.87513e+07,446.873,446.873,446.873,530.093,530.093,530.093
628,637808,637808,637808,63790.7,63790.7,63790.7,66237.4,66237.4,66237.4,1.33446e+07,1.33446e+07,1.33446e+07,1.38763e+07,1.38763e+07,1.38763e+07,432758,432758,432758,432627,432627,432627,9.87486e+07,9.87486e+07,9.87486e+07,446.901,446.901,446.901,530.124,530.124,530.124
629,637597,637597,637597,63783.1,63783.1,63783.1,66229.2,66229.2,66229.2,1.33427e+07,1.33427e+07,1.33427e+07,1.38743e+07,1.38743e+07,1.38743e+07,432786,432786,432786,432653,432653,432653,9.87462e+07,9.87462e+07,9.87462e+07,446.923,446.923,446.923,530.147,530.147,530.147
630,637385,637385,637385,63774.6,63774.6,63774.6,66220.1,66220.1,66220.1,1.33408e+07,1.33408e+07,1.33408e+07,1.38723e+07,1.38723e+07,1.38723e+07,432806,432806,432806,432672,432672,432672,9.8744e+07,9.8744e+07,9.8744e+07,446.937,446.937,446.937,530.162,530.162,530.162
631,637173,637173,637173,63765.2,63765.2,63765.2,66210.1,66210.1,66210.1,1.33388e+07,1.33388e+07,1.33388e+07,1.38702e+07,1.38702e+07,1.38702e+07,432819,432819,432819,432684,432684,432684,9.8742e+07,9.8742e+07,9.8742e+07,446.944,446.944,446.944,530.169,530.169,530.169
632,636965,636965,636965,63755,63755,63755,66199.4,66199.4,66199.4,1.33367e+07,1.33367e+07,1.33367e+07,1.3868e+07,1.3868e+07,1.3868e+07,432823,432823,432823,432689,432689,432689,9.87401e+07,9.87401e+07,9.87401e+07,446.943,446.943,446.943,530.167,530.167,530.167
633,636763,636763,636763,63744.2,63744.2,63744.2,66188.2,66188.2,66188.2,1.33346e+07,1.33346e+07,1.33346e+07,1.38659e+07,1.38659e+07,1.38659e+07,432819,432819,432819,432685,432685,432685,9.87383e+07,9.87383e+07,9.87383e+07,446.934,446.934,446.934,530.155,530.155,530.155
634,636568,636568,636568,63732.9,63732.9,63732.9,66176.5,66176.5,66176.5,1.33326e+07,1.33326e+07,1.33326e+07,1.38637e+07,1.38637e+07,1.38637e+07,432807,432807,432807,432674,432674,432674,9.87366e+07,9.87366e+07,9.87366e+07,446.917,446.917,446.917,530.135,530.135,530.135
635,636384,636384,636384,63721.2,63721.2,63721.2,66164.4,66164.4,66164.4,1.33305e+07,1.33305e+07,1.33305e+07,1.38615e+07,1.38615e+07,1.38615e+07,432787,432787,432787,432654,432654,432654,9.87348e+07,9.87348e+07,9.87348e+07,446.892,446.892,446.892,530.106,530.106,530.106
636,636212,636212,636212,63709.2,63709.2,63709.2,66152,66152,66152,1.33285e+07,1.33285e+07,1.33285e+07,1.38594e+07,1.38594e+07,1.38594e+07,432757,432757,432757,432626,432626,432626,9.87331e+07,9.87331e+07,9.87331e+07,446.858,446.858,446.858,530.068,530.068,530.068
637,636054,636054,636054,63697,63697,63697,66139.5,66139.5,66139.5,1.33266e+07,1.33266e+07,1.33266e+07,1.38574e+07,1.38574e+07,1.38574e+07,432720,432720,432720,432590,432590,432590,9.87312e+07,9.87312e+07,9.87312e+07,446.817,446.817,446.817,530.02,530.02,530.02
638,635913,635913,635913,63684.7,63684.7,63684.7,66127,66127,66127,1.33247e+07,1.33247e+07,1.33247e+07,1.38555e+07,1.38555e+07,1.38555e+07,432673,432673,432673,432546,432546,432546,9.87292e+07,9.87292e+07,9.87292e+07,446.769,446.769,446.769,529.964,529.964,529.964
639,635789,635789,635789,63672.4,63672.4,63672.4,66114.5,66114.5,66114.5,1.33229e+07,1.33229e+07,1.33229e+07,1.38536e+07,1.38536e+07,1.38536e+07,432619,432619,432619,432493,432493,432493,9.87271e+07,9.87271e+07,9.87271e+07,446.712,446.712,446.712,529.9,529.9,529.9
640,635684,635684,635684,63660.2,63660.2,63660.2,66102.2,66102.2,66102.2,1.33213e+07,1.33213e+07,1.33213e+07,1.38519e+07,1.38519e+07,1.38519e+07,432557,432557,432557,432433,432433,432433,9.87247e+07,9.87247e+07,9.87247e+07,446.649,446.649,446.649,529.827,529.827,529.827
641,635599,635599,635599,63648.4,63648.4,63648.4,66090.3,66090.3,66090.3,1.33197e+07,1.33197e+07,1.33197e+07,1.38503e+07,1.38503e+07,1.38503e+07,432487,432487,432487,432366,432366,432366,9.87222e+07,9.87222e+07,9.87222e+07,446.578,446.578,446.578,529.747,529.747,529.747
642,635536,635536,635536,63636.9,63636.9,63636.9,66078.8,66078.8,66078.8,1.33184e+07,1.33184e+07,1.33184e+07,1.38488e+07,1.38488e+07,1.38488e+07,432411,432411,432411,432293,432293,432293,9.87193e+07,9.87193e+07,9.87193e+07,446.502,446.502,446.502,529.659,529.659,529.659
643,635494,635494,635494,63626,63626,63626,66067.9,66067.9,66067.9,1.33171e+07,1.33171e+07,1.33171e+07,1.38476e+07,1.38476e+07,1.38476e+07,432329,432329,432329,432214,432214,432214,9.87162e+07,9.87162e+07,9.87162e+07,446.421,446.421,446.421,529.566,529.566,529.566
644,635474,635474,635474,63615.7,63615.7,63615.7,66057.7,66057.7,66057.7,1.3316e+07,1.3316e+07,1.3316e+07,1.38465e+07,1.38465e+07,1.38465e+07,432242,432242,432242,432130,432130,432130,9.87128e+07,9.87128e+07,9.87128e+07,446.335,446.335,446.335,529.468,529.468,529.468
645,635476,635476,635476,63606.1,63606.1,63606.1,66048.3,66048.3,66048.3,1.33151e+07,1.33151e+07,1.33151e+07,1.38455e+07,1.38455e+07,1.38455e+07,432151,432151,432151,432042,432042,432042,9.8709e+07,9.8709e+07,9.8709e+07,446.246,446.246,446.246,529.367,529.367,529.367
646,635499,635499,635499,63597.4,63597.4,63597.4,66039.8,66039.8,66039.8,1.33144e+07,1.33144e+07,1.33144e+07,1.38448e+07,1.38448e+07,1.38448e+07,432057,432057,432057,431952,431952,431952,9.87049e+07,9.87049e+07,9.87049e+07,446.154,446.154,446.154,529.262,529.262,529.262
647,635542,635542,635542,63589.6,63589.6,63589.6,66032.2,66032.2,66032.2,1.33139e+07,1.33139e+07,1.33139e+07,1.38442e+07,1.38442e+07,1.38442e+07,431961,431961,431961,431859,431859,431859,9.87005e+07,9.87005e+07,9.87005e+07,446.062,446.062,446.062,529.157,529.157,529.157
648,635604,635604,635604,63582.7,63582.7,63582.7,66025.6,66025.6,66025.6,1.33135e+07,1.33135e+07,1.33135e+07,1.38438e+07,1.38438e+07,1.38438e+07,431865,431865,431865,431766,431766,431766,9.86958e+07,9.86958e+07,9.86958e+07,445.968,445.968,445.968,529.05,529.05,529.05
649,635685,635685,635685,63576.9,63576.9,63576.9,66020.1,66020.1,66020.1,1.33133e+07,1.33133e+07,1.33133e+07,1.38436e+07,1.38436e+07,1.38436e+07,431769,431769,431769,431673,431673,431673,9.86907e+07,9.86907e+07,9.86907e+07,445.876,445.876,445.876,528.945,528.945,528.945
650,635781,635781,635781,63572.1,63572.1,63572.1,66015.7,66015.7,66015.7,1.33132e+07,1.33132e+07,1.33132e+07,1.38436e+07,1.38436e+07,1.38436e+07,431674,431674,431674,431581,431581,431581,9.86853e+07,9.86853e+07,9.86853e+07,445.785,445.785,445.785,528.841,528.841,528.841
651,635893,635893,635893,63568.4,63568.4,63568.4,66012.3,66012.3,66012.3,1.33133e+07,1.33133e+07,1.33133e+07,1.38437e+07,1.38437e+07,1.38437e+07,431581,431581,431581,431491,431491,431491,9.86796e+07,9.86796e+07,9.86796e+07,445.697,445.697,445.697,528.74,528.74,528.74
652,636017,636017,636017,63565.7,63565.7,63565.7,66010.1,66010.1,66010.1,1.33136e+07,1.33136e+07,1.33136e+07,1.3844e+07,1.3844e+07,1.3844e+07,431492,431492,431492,431404,431404,431404,9.86736e+07,9.86736e+07,9.86736e+07,445.612,445.612,445.612,528.643,528.643,528.643
653,636151,636151,636151,63564.2,63564.2,63564.2,66008.9,66008.9,66008.9,1.3314e+07,1.3314e+07,1.3314e+07,1.38444e+07,1.38444e+07,1.38444e+07,431407,431407,431407,431321,431321,431321,9.86673e+07,9.86673e+07,9.86673e+07,445.531,445.531,445.531,528.551,528.551,528.551
654,636293,636293,636293,63563.7,63563.7,63563.7,66008.7,66008.7,66008.7,1.33145e+07,1.33145e+07,1.33145e+07,1.3845e+07,1.3845e+07,1.3845e+07,431327,431327,431327,431243,431243,431243,9.86608e+07,9.86608e+07,9.86608e+07,445.456,445.456,445.456,528.465,528.465,528.465
655,636442,636442,636442,63564.2,63564.2,63564.2,66009.6,66009.6,66009.6,1.33151e+07,1.33151e+07,1.33151e+07,1.38457e+07,1.38457e+07,1.38457e+07,431253,431253,431253,431171,431171,431171,9.86541e+07,9.86541e+07,9.86541e+07,445.387,445.387,445.387,528.385,528.385,528.385
656,636593,636593,636593,63565.6,63565.6,63565.6,66011.3,66011.3,66011.3,1.33159e+07,1.33159e+07,1.33159e+07,1.38464e+07,1.38464e+07,1.38464e+07,431186,431186,431186,431105,431105,431105,9.86473e+07,9.86473e+07,9.86473e+07,445.325,445.325,445.325,528.313,528.313,528.313
657,636745,636745,636745,63567.9,63567.9,63567.9,66014,66014,66014,1.33166e+07,1.33166e+07,1.33166e+07,1.38473e+07,1.38473e+07,1.38473e+07,431127,431127,431127,431047,431047,431047,9.86403e+07,9.86403e+07,9.86403e+07,445.27,445.27,445.27,528.25,528.25,528.25
658,636894,636894,636894,63571.1,63571.1,63571.1,66017.5,66017.5,66017.5,1.33175e+07,1.33175e+07,1.33175e+07,1.38482e+07,1.38482e+07,1.38482e+07,431076,431076,431076,430996,430996,430996,9.86333e+07,9.86333e+07,9.86333e+07,445.222,445.222,445.222,528.195,528.195,528.195
659,637039,637039,637039,63575,63575,63575,66021.6,66021.6,66021.6,1.33183e+07,1.33183e+07,1.33183e+07,1.38491e+07,1.38491e+07,1.38491e+07,431033,431033,431033,430954,430954,430954,9.86262e+07,9.86262e+07,9.86262e+07,445.183,445.183,445.183,528.149,528.149,528.149
660,637177,637177,637177,63579.5,63579.5,63579.5,66026.4,66026.4,66026.4,1.33192e+07,1.33192e+07,1.33192e+07,1.385e+07,1.385e+07,1.385e+07,430999,430999,430999,430919,430919,430919,9.86191e+07,9.86191e+07,9.86191e+07,445.153,445.153,445.153,528.113,528.113,528.113
661,637306,637306,637306,63584.5,63584.5,63584.5,66031.6,66031.6,66031.6,1.33201e+07,1.33201e+07,1.33201e+07,1.38509e+07,1.38509e+07,1.38509e+07,430975,430975,430975,430894,430894,430894,9.86121e+07,9.86121e+07,9.86121e+07,445.131,445.131,445.131,528.087,528.087,528.087
662,637423,637423,637423,63590,63590,63590,66037.1,66037.1,66037.1,1.33209e+07,1.33209e+07,1.33209e+07,1.38518e+07,1.38518e+07,1.38518e+07,430959,430959,430959,430878,430878,430878,9.86052e+07,9.86052e+07,9.86052e+07,445.117,445.117,445.117,528.07,528.07,528.07
663,637525,637525,637525,63595.7,63595.7,63595.7,66042.9,66042.9,66042.9,1.33217e+07,1.33217e+07,1.33217e+07,1.38526e+07,1.38526e+07,1.38526e+07,430952,430952,430952,430870,430870,430870,9.85984e+07,9.85984e+07,9.85984e+07,445.112,445.112,445.112,528.063,528.063,528.063
664,637612,637612,637612,63601.5,63601.5,63601.5,66048.8,66048.8,66048.8,1.33224e+07,1.33224e+07,1.33224e+07,1.38534e+07,1.38534e+07,1.38534e+07,430955,430955,430955,430870,430870,430870,9.85918e+07,9.85918e+07,9.85918e+07,445.116,445.116,445.116,528.066,528.066,528.066
665,637682,637682,637682,63607.4,63607.4,63607.4,66054.7,66054.7,66054.7,1.3323e+07,1.3323e+07,1.3323e+07,1.38541e+07,1.38541e+07,1.38541e+07,430966,430966,430966,430879,430879,430879,9.85854e+07,9.85854e+07,9.85854e+07,445.127,445.127,445.127,528.077,528.077,528.077
666,637733,637733,637733,63613.2,63613.2,63613.2,66060.4,66060.4,66060.4,1.33236e+07,1.33236e+07,1.33236e+07,1.38546e+07,1.38546e+07,1.38546e+07,430985,430985,430985,430896,430896,430896,9.85792e+07,9.85792e+07,9.85792e+07,445.146,445.146,445.146,528.097,528.097,528.097
667,637764,637764,637764,63618.8,63618.8,63618.8,66065.8,66065.8,66065.8,1.3324e+07,1.3324e+07,1.3324e+07,1.3855e+07,1.3855e+07,1.3855e+07,431011,431011,431011,430920,430920,430920,9.85734e+07,9.85734e+07,9.85734e+07,445.171,445.171,445.171,528.125,528.125,528.125
668,637774,637774,637774,63623.9,63623.9,63623.9,66070.8,66070.8,66070.8,1.33243e+07,1.33243e+07,1.33243e+07,1.38553e+07,1.38553e+07,1.38553e+07,431045,431045,431045,430951,430951,430951,9.85678e+07,9.85678e+07,9.85678e+07,445.203,445.203,445.203,528.159,528.159,528.159
669,637763,637763,637763,63628.7,63628.7,63628.7,66075.2,66075.2,66075.2,1.33244e+07,1.33244e+07,1.33244e+07,1.38554e+07,1.38554e+07,1.38554e+07,431085,431085,431085,430988,430988,430988,9.85626e+07,9.85626e+07,9.85626e+07,445.241,445.241,445.241,528.2,528.2,528.2
670,637731,637731,637731,63632.8,63632.8,63632.8,66079.1,66079.1,66079.1,1.33244e+07,1.33244e+07,1.33244e+07,1.38554e+07,1.38554e+07,1.38554e+07,431130,431130,431130,431030,431030,431030,9.85578e+07,9.85578e+07,9.85578e+07,445.283,445.283,445.283,528.247,528.247,528.247
671,637677,637677,637677,63636.3,63636.3,63636.3,66082.2,66082.2,66082.2,1.33242e+07,1.33242e+07,1.33242e+07,1.38552e+07,1.38552e+07,1.38552e+07,431179,431179,431179,431076,431076,431076,9.85534e+07,9.85534e+07,9.85534e+07,445.329,445.329,445.329,528.297,528.297,528.297
672,637602,637602,637602,63639,63639,63639,66084.4,66084.4,66084.4,1.33238e+07,1.33238e+07,1.33238e+07,1.38548e+07,1.38548e+07,1.38548e+07,431232,431232,431232,431126,431126,431126,9.85493e+07,9.85493e+07,9.85493e+07,445.378,445.378,445.378,528.351,528.351,528.351
673,637508,637508,637508,63640.8,63640.8,63640.8,66085.8,66085.8,66085.8,1.33233e+07,1.33233e+07,1.33233e+07,1.38543e+07,1.38543e+07,1.38543e+07,431287,431287,431287,431178,431178,431178,9.85457e+07,9.85457e+07,9.85457e+07,445.428,445.428,445.428,528.407,528.407,528.407
674,637394,637394,637394,63641.7,63641.7,63641.7,66086.3,66086.3,66086.3,1.33226e+07,1.33226e+07,1.33226e+07,1.38536e+07,1.38536e+07,1.38536e+07,431343,431343,431343,431231,431231,431231,9.85424e+07,9.85424e+07,9.85424e+07,445.48,445.48,445.48,528.464,528.464,528.464
675,637262,637262,637262,63641.6,63641.6,63641.6,66085.7,66085.7,66085.7,1.33218e+07,1.33218e+07,1.33218e+07,1.38527e+07,1.38527e+07,1.38527e+07,431399,431399,431399,431284,431284,431284,9.85396e+07,9.85396e+07,9.85396e+07,445.531,445.531,445.531,528.521,528.521,528.521
676,637114,637114,637114,63640.5,63640.5,63640.5,66084.1,66084.1,66084.1,1.33208e+07,1.33208e+07,1.33208e+07,1.38516e+07,1.38516e+07,1.38516e+07,431455,431455,431455,431337,431337,431337,9.85371e+07,9.85371e+07,9.85371e+07,445.581,445.581,445.581,528.577,528.577,528.577
677,636952,636952,636952,63638.4,63638.4,63638.4,66081.4,66081.4,66081.4,1.33196e+07,1.33196e+07,1.33196e+07,1.38504e+07,1.38504e+07,1.38504e+07,431508,431508,431508,431388,431388,431388,9.8535e+07,9.8535e+07,9.8535e+07,445.628,445.628,445.628,528.629,528.629,528.629
678,636778,636778,636778,63635.2,63635.2,63635.2,66077.6,66077.6,66077.6,1.33183e+07,1.33183e+07,1.33183e+07,1.3849e+07,1.3849e+07,1.3849e+07,431558,431558,431558,431436,431436,431436,9.85332e+07,9.85332e+07,9.85332e+07,445.673,445.673,445.673,528.679,528.679,528.679
679,636593,636593,636593,63631,63631,63631,66072.9,66072.9,66072.9,1.33169e+07,1.33169e+07,1.33169e+07,1.38475e+07,1.38475e+07,1.38475e+07,431605,431605,431605,431480,431480,431480,9.85317e+07,9.85317e+07,9.85317e+07,445.713,445.713,445.713,528.723,528.723,528.723
680,636401,636401,636401,63625.7,63625.7,63625.7,66067.1,66067.1,66067.1,1.33153e+07,1.33153e+07,1.33153e+07,1.38459e+07,1.38459e+07,1.38459e+07,431646,431646,431646,431520,431520,431520,9.85306e+07,9.85306e+07,9.85306e+07,445.748,445.748,445.748,528.762,528.762,528.762
681,636203,636203,636203,63619.5,63619.5,63619.5,66060.3,66060.3,66060.3,1.33137e+07,1.33137e+07,1.33137e+07,1.38442e+07,1.38442e+07,1.38442e+07,431682,431682,431682,431554,431554,431554,9.85297e+07,9.85297e+07,9.85297e+07,445.778,445.778,445.778,528.795,528.795,528.795
682,636003,636003,636003,63612.4,63612.4,63612.4,66052.6,66052.6,66052.6,1.3312e+07,1.3312e+07,1.3312e+07,1.38424e+07,1.38424e+07,1.38424e+07,431711,431711,431711,431582,431582,431582,9.8529e+07,9.8529e+07,9.8529e+07,445.801,445.801,445.801,528.82,528.82,528.82
683,635802,635802,635802,63604.4,63604.4,63604.4,66044.1,66044.1,66044.1,1.33102e+07,1.33102e+07,1.33102e+07,1.38405e+07,1.38405e+07,1.38405e+07,431732,431732,431732,431603,431603,431603,9.85285e+07,9.85285e+07,9.85285e+07,445.817,445.817,445.817,528.838,528.838,528.838
684,635604,635604,635604,63595.6,63595.6,63595.6,66034.9,66034.9,66034.9,1.33083e+07,1.33083e+07,1.33083e+07,1.38386e+07,1.38386e+07,1.38386e+07,431746,431746,431746,431617,431617,431617,9.85282e+07,9.85282e+07,9.85282e+07,445.825,445.825,445.825,528.847,528.847,528.847
685,635412,635412,635412,63586.2,63586.2,63586.2,66025,66025,66025,1.33065e+07,1.33065e+07,1.33065e+07,1.38366e+07,1.38366e+07,1.38366e+07,431752,431752,431752,431622,431622,431622,9.85279e+07,9.85279e+07,9.85279e+07,445.826,445.826,445.826,528.847,528.847,528.847
686,635226,635226,635226,63576.2,63576.2,63576.2,66014.6,66014.6,66014.6,1.33046e+07,1.33046e+07,1.33046e+07,1.38347e+07,1.38347e+07,1.38347e+07,431749,431749,431749,431620,431620,431620,9.85277e+07,9.85277e+07,9.85277e+07,445.818,445.818,445.818,528.838,528.838,528.838
687,635050,635050,635050,63565.7,63565.7,63565.7,66003.7,66003.7,66003.7,1.33028e+07,1.33028e+07,1.33028e+07,1.38327e+07,1.38327e+07,1.38327e+07,431737,431737,431737,431609,431609,431609,9.85275e+07,9.85275e+07,9.85275e+07,445.802,445.802,445.802,528.819,528.819,528.819
688,634887,634887,634887,63554.8,63554.8,63554.8,65992.5,65992.5,65992.5,1.3301e+07,1.3301e+07,1.3301e+07,1.38308e+07,1.38308e+07,1.38308e+07,431716,431716,431716,431589,431589,431589,9.85273e+07,9.85273e+07,9.85273e+07,445.778,445.778,445.778,528.791,528.791,528.791
689,634738,634738,634738,63543.7,63543.7,63543.7,65981.2,65981.2,65981.2,1.32992e+07,1.32992e+07,1.32992e+07,1.3829e+07,1.3829e+07,1.3829e+07,431687,431687,431687,431562,431562,431562,9.85269e+07,9.85269e+07,9.85269e+07,445.746,445.746,445.746,528.754,528.754,528.754
690,634604,634604,634604,63532.5,63532.5,63532.5,65969.8,65969.8,65969.8,1.32975e+07,1.32975e+07,1.32975e+07,1.38273e+07,1.38273e+07,1.38273e+07,431649,431649,431649,431525,431525,431525,9.85265e+07,9.85265e+07,9.85265e+07,445.705,445.705,445.705,528.708,528.708,528.708
691,634489,634489,634489,63521.3,63521.3,63521.3,65958.5,65958.5,65958.5,1.3296e+07,1.3296e+07,1.3296e+07,1.38256e+07,1.38256e+07,1.38256e+07,431603,431603,431603,431481,431481,431481,9.85259e+07,9.85259e+07,9.85259e+07,445.657,445.657,445.657,528.653,528.653,528.653
692,634392,634392,634392,63510.3,63510.3,63510.3,65947.4,65947.4,65947.4,1.32945e+07,1.32945e+07,1.32945e+07,1.38241e+07,1.38241e+07,1.38241e+07,431549,431549,431549,431430,431430,431430,9.85251e+07,9.85251e+07,9.85251e+07,445.602,445.602,445.602,528.591,528.591,528.591
693,634315,634315,634315,63499.5,63499.5,63499.5,65936.6,65936.6,65936.6,1.32932e+07,1.32932e+07,1.32932e+07,1.38227e+07,1.38227e+07,1.38227e+07,431487,431487,431487,431371,431371,431371,9.85241e+07,9.85241e+07,9.85241e+07,445.54,445.54,445.54,528.52,528.52,528.52
694,634259,634259,634259,63489.2,63489.2,63489.2,65926.2,65926.2,65926.2,1.3292e+07,1.3292e+07,1.3292e+07,1.38214e+07,1.38214e+07,1.38214e+07,431419,431419,431419,431306,431306,431306,9.85228e+07,9.85228e+07,9.85228e+07,445.473,445.473,445.473,528.443,528.443,528.443
695,634225,634225,634225,63479.3,63479.3,63479.3,65916.4,65916.4,65916.4,1.32909e+07,1.32909e+07,1.32909e+07,1.38203e+07,1.38203e+07,1.38203e+07,431346,431346,431346,431235,431235,431235,9.85212e+07,9.85212e+07,9.85212e+07,445.4,445.4,445.4,528.36,528.36,528.36
696,634212,634212,634212,63470.1,63470.1,63470.1,65907.3,65907.3,65907.3,1.329e+07,1.329e+07,1.329e+07,1.38194e+07,1.38194e+07,1.38194e+07,431267,431267,431267,431159,431159,431159,9.85194e+07,9.85194e+07,9.85194e+07,445.322,445.322,445.322,528.272,528.272,528.272
697,634221,634221,634221,63461.6,63461.6,63461.6,65899,65899,65899,1.32893e+07,1.32893e+07,1.32893e+07,1.38187e+07,1.38187e+07,1.38187e+07,431184,431184,431184,431080,431080,431080,9.85172e+07,9.85172e+07,9.85172e+07,445.241,445.241,445.241,528.18,528.18,528.18
698,634250,634250,634250,63453.8,63453.8,63453.8,65891.5,65891.5,65891.5,1.32887e+07,1.32887e+07,1.32887e+07,1.38181e+07,1.38181e+07,1.38181e+07,431098,431098,431098,430997,430997,430997,9.85146e+07,9.85146e+07,9.85146e+07,445.158,445.158,445.158,528.085,528.085,528.085
699,634301,634301,634301,63447,63447,63447,65885,65885,65885,1.32883e+07,1.32883e+07,1.32883e+07,1.38177e+07,1.38177e+07,1.38177e+07,431010,431010,431010,430912,430912,430912,9.85118e+07,9.85118e+07,9.85118e+07,445.073,445.073,445.073,527.989,527.989,527.989
700,634370,634370,634370,63441.1,63441.1,63441.1,65879.4,65879.4,65879.4,1.32881e+07,1.32881e+07,1.32881e+07,1.38175e+07,1.38175e+07,1.38175e+07,430921,430921,430921,430826,430826,430826,9.85085e+07,9.85085e+07,9.85085e+07,444.987,444.987,444.987,527.891,527.891,527.891
701,634458,634458,634458,63436.2,63436.2,63436.2,65874.9,65874.9,65874.9,1.32881e+07,1.32881e+07,1.32881e+07,1.38175e+07,1.38175e+07,1.38175e+07,430831,430831,430831,430740,430740,430740,9.8505e+07,9.8505e+07,9.8505e+07,444.902,444.902,444.902,527.794,527.794,527.794
702,634562,634562,634562,63432.4,63432.4,63432.4,65871.4,65871.4,65871.4,1.32882e+07,1.32882e+07,1.32882e+07,1.38176e+07,1.38176e+07,1.38176e+07,430743,430743,430743,430655,430655,430655,9.85011e+07,9.85011e+07,9.85011e+07,444.819,444.819,444.819,527.699,527.699,527.699
703,634681,634681,634681,63429.6,63429.6,63429.6,65869,65869,65869,1.32885e+07,1.32885e+07,1.32885e+07,1.3818e+07,1.3818e+07,1.3818e+07,430658,430658,430658,430571,430571,430571,9.84969e+07,9.84969e+07,9.84969e+07,444.737,444.737,444.737,527.606,527.606,527.606
704,634813,634813,634813,63427.9,63427.9,63427.9,65867.7,65867.7,65867.7,1.3289e+07,1.3289e+07,1.3289e+07,1.38184e+07,1.38184e+07,1.38184e+07,430575,430575,430575,430491,430491,430491,9.84924e+07,9.84924e+07,9.84924e+07,444.659,444.659,444.659,527.518,527.518,527.518
705,634956,634956,634956,63427.3,63427.3,63427.3,65867.5,65867.5,65867.5,1.32895e+07,1.32895e+07,1.32895e+07,1.3819e+07,1.3819e+07,1.3819e+07,430496,430496,430496,430415,430415,430415,9.84877e+07,9.84877e+07,9.84877e+07,444.586,444.586,444.586,527.433,527.433,527.433
706,635107,635107,635107,63427.7,63427.7,63427.7,65868.3,65868.3,65868.3,1.32902e+07,1.32902e+07,1.32902e+07,1.38198e+07,1.38198e+07,1.38198e+07,430423,430423,430423,430343,430343,430343,9.84827e+07,9.84827e+07,9.84827e+07,444.517,444.517,444.517,527.355,527.355,527.355
707,635265,635265,635265,63429.2,63429.2,63429.2,65870.2,65870.2,65870.2,1.3291e+07,1.3291e+07,1.3291e+07,1.38206e+07,1.38206e+07,1.38206e+07,430355,430355,430355,430277,430277,430277,9.84775e+07,9.84775e+07,9.84775e+07,444.454,444.454,444.454,527.283,527.283,527.283
708,635425,635425,635425,63431.6,63431.6,63431.6,65873,65873,65873,1.32919e+07,1.32919e+07,1.32919e+07,1.38216e+07,1.38216e+07,1.38216e+07,430295,430295,430295,430218,430218,430218,9.84722e+07,9.84722e+07,9.84722e+07,444.398,444.398,444.398,527.219,527.219,527.219
709,635587,635587,635587,63434.9,63434.9,63434.9,65876.6,65876.6,65876.6,1.32929e+07,1.32929e+07,1.32929e+07,1.38226e+07,1.38226e+07,1.38226e+07,430241,430241,430241,430165,430165,430165,9.84667e+07,9.84667e+07,9.84667e+07,444.349,444.349,444.349,527.163,527.163,527.163
710,635746,635746,635746,63439,63439,63439,65881.1,65881.1,65881.1,1.32939e+07,1.32939e+07,1.32939e+07,1.38237e+07,1.38237e+07,1.38237e+07,430196,430196,430196,430120,430120,430120,9.84611e+07,9.84611e+07,9.84611e+07,444.308,444.308,444.308,527.116,527.116,527.116
711,635902,635902,635902,63443.9,63443.9,63443.9,65886.2,65886.2,65886.2,1.3295e+07,1.3295e+07,1.3295e+07,1.38248e+07,1.38248e+07,1.38248e+07,430159,430159,430159,430084,430084,430084,9.84555e+07,9.84555e+07,9.84555e+07,444.275,444.275,444.275,527.077,527.077,527.077
712,636051,636051,636051,63449.3,63449.3,63449.3,65892,65892,65892,1.3296e+07,1.3296e+07,1.3296e+07,1.38259e+07,1.38259e+07,1.38259e+07,430131,430131,430131,430055,430055,430055,9.84498e+07,9.84498e+07,9.84498e+07,444.251,444.251,444.251,527.048,527.048,527.048
713,636190,636190,636190,63455.4,63455.4,63455.4,65898.2,65898.2,65898.2,1.32971e+07,1.32971e+07,1.32971e+07,1.38271e+07,1.38271e+07,1.38271e+07,430112,430112,430112,430035,430035,430035,9.84442e+07,9.84442e+07,9.84442e+07,444.235,444.235,444.235,527.029,527.029,527.029
714,636318,636318,636318,63461.8,63461.8,63461.8,65904.8,65904.8,65904.8,1.32981e+07,1.32981e+07,1.32981e+07,1.38282e+07,1.38282e+07,1.38282e+07,430102,430102,430102,430024,430024,430024,9.84387e+07,9.84387e+07,9.84387e+07,444.227,444.227,444.227,527.02,527.02,527.02
715,636433,636433,636433,63468.5,63468.5,63468.5,65911.7,65911.7,65911.7,1.32991e+07,1.32991e+07,1.32991e+07,1.38292e+07,1.38292e+07,1.38292e+07,430101,430101,430101,430022,430022,430022,9.84333e+07,9.84333e+07,9.84333e+07,444.228,444.228,444.228,527.02,527.02,527.02
716,636532,636532,636532,63475.4,63475.4,63475.4,65918.7,65918.7,65918.7,1.33e+07,1.33e+07,1.33e+07,1.38302e+07,1.38302e+07,1.38302e+07,430108,430108,430108,430028,430028,430028,9.84281e+07,9.84281e+07,9.84281e+07,444.237,444.237,444.237,527.029,527.029,527.029
717,636613,636613,636613,63482.4,63482.4,63482.4,65925.6,65925.6,65925.6,1.33009e+07,1.33009e+07,1.33009e+07,1.3831e+07,1.3831e+07,1.3831e+07,430125,430125,430125,430043,430043,430043,9.84231e+07,9.84231e+07,9.84231e+07,444.255,444.255,444.255,527.048,527.048,527.048
718,636677,636677,636677,63489.2,63489.2,63489.2,65932.4,65932.4,65932.4,1.33016e+07,1.33016e+07,1.33016e+07,1.38318e+07,1.38318e+07,1.38318e+07,430150,430150,430150,430065,430065,430065,9.84184e+07,9.84184e+07,9.84184e+07,444.279,444.279,444.279,527.075,527.075,527.075
719,636720,636720,636720,63495.8,63495.8,63495.8,65939,65939,65939,1.33022e+07,1.33022e+07,1.33022e+07,1.38324e+07,1.38324e+07,1.38324e+07,430182,430182,430182,430095,430095,430095,9.84139e+07,9.84139e+07,9.84139e+07,444.311,444.311,444.311,527.109,527.109,527.109
720,636743,636743,636743,63502.1,63502.1,63502.1,65945.1,65945.1,65945.1,1.33027e+07,1.33027e+07,1.33027e+07,1.38329e+07,1.38329e+07,1.38329e+07,430221,430221,430221,430132,430132,430132,9.84097e+07,9.84097e+07,9.84097e+07,444.349,444.349,444.349,527.152,527.152,527.152
721,636744,636744,636744,63508,63508,63508,65950.7,65950.7,65950.7,1.3303e+07,1.3303e+07,1.3303e+07,1.38333e+07,1.38333e+07,1.38333e+07,430267,430267,430267,430174,430174,430174,9.84059e+07,9.84059e+07,9.84059e+07,444.393,444.393,444.393,527.2,527.2,527.2
722,636725,636725,636725,63513.2,63513.2,63513.2,65955.7,65955.7,65955.7,1.33032e+07,1.33032e+07,1.33032e+07,1.38335e+07,1.38335e+07,1.38335e+07,430318,430318,430318,430222,430222,430222,9.84024e+07,9.84024e+07,9.84024e+07,444.441,444.441,444.441,527.254,527.254,527.254
723,636684,636684,636684,63517.8,63517.8,63517.8,65960,65960,65960,1.33032e+07,1.33032e+07,1.33032e+07,1.38335e+07,1.38335e+07,1.38335e+07,430373,430373,430373,430275,430275,430275,9.83993e+07,9.83993e+07,9.83993e+07,444.494,444.494,444.494,527.312,527.312,527.312
724,636621,636621,636621,63521.7,63521.7,63521.7,65963.5,65963.5,65963.5,1.33031e+07,1.33031e+07,1.33031e+07,1.38333e+07,1.38333e+07,1.38333e+07,430432,430432,430432,430330,430330,430330,9.83966e+07,9.83966e+07,9.83966e+07,444.549,444.549,444.549,527.374,527.374,527.374
725,636539,636539,636539,63524.6,63524.6,63524.6,65966.1,65966.1,65966.1,1.33028e+07,1.33028e+07,1.33028e+07,1.3833e+07,1.3833e+07,1.3833e+07,430493,430493,430493,430389,430389,430389,9.83943e+07,9.83943e+07,9.83943e+07,444.606,444.606,444.606,527.438,527.438,527.438
726,636437,636437,636437,63526.7,63526.7,63526.7,65967.7,65967.7,65967.7,1.33023e+07,1.33023e+07,1.33023e+07,1.38325e+07,1.38325e+07,1.38325e+07,430556,430556,430556,430448,430448,430448,9.83924e+07,9.83924e+07,9.83924e+07,444.664,444.664,444.664,527.503,527.503,527.503
727,636318,636318,636318,63527.8,63527.8,63527.8,65968.3,65968.3,65968.3,1.33017e+07,1.33017e+07,1.33017e+07,1.38318e+07,1.38318e+07,1.38318e+07,430619,430619,430619,430508,430508,430508,9.83908e+07,9.83908e+07,9.83908e+07,444.722,444.722,444.722,527.568,527.568,527.568
728,636182,636182,636182,63527.9,63527.9,63527.9,65967.9,65967.9,65967.9,1.33009e+07,1.33009e+07,1.33009e+07,1.3831e+07,1.3831e+07,1.3831e+07,430681,430681,430681,430568,430568,430568,9.83897e+07,9.83897e+07,9.83897e+07,444.779,444.779,444.779,527.631,527.631,527.631
729,636031,636031,636031,63526.9,63526.9,63526.9,65966.4,65966.4,65966.4,1.32999e+07,1.32999e+07,1.32999e+07,1.383e+07,1.383e+07,1.383e+07,430741,430741,430741,430625,430625,430625,9.83889e+07,9.83889e+07,9.83889e+07,444.834,444.834,444.834,527.693,527.693,527.693
730,635868,635868,635868,63524.9,63524.9,63524.9,65963.9,65963.9,65963.9,1.32988e+07,1.32988e+07,1.32988e+07,1.38288e+07,1.38288e+07,1.38288e+07,430799,430799,430799,430680,430680,430680,9.83884e+07,9.83884e+07,9.83884e+07,444.886,444.886,444.886,527.75,527.75,527.75
731,635694,635694,635694,63521.9,63521.9,63521.9,65960.3,65960.3,65960.3,1.32976e+07,1.32976e+07,1.32976e+07,1.38275e+07,1.38275e+07,1.38275e+07,430852,430852,430852,430732,430732,430732,9.83883e+07,9.83883e+07,9.83883e+07,444.933,444.933,444.933,527.804,527.804,527.804
732,635512,635512,635512,63517.8,63517.8,63517.8,65955.8,65955.8,65955.8,1.32963e+07,1.32963e+07,1.32963e+07,1.38261e+07,1.38261e+07,1.38261e+07,430901,430901,430901,430779,430779,430779,9.83885e+07,9.83885e+07,9.83885e+07,444.976,444.976,444.976,527.852,527.852,527.852
733,635325,635325,635325,63512.8,63512.8,63512.8,65950.2,65950.2,65950.2,1.32948e+07,1.32948e+07,1.32948e+07,1.38246e+07,1.38246e+07,1.38246e+07,430944,430944,430944,430820,430820,430820,9.83889e+07,9.83889e+07,9.83889e+07,445.013,445.013,445.013,527.893,527.893,527.893
734,635134,635134,635134,63506.8,63506.8,63506.8,65943.7,65943.7,65943.7,1.32933e+07,1.32933e+07,1.32933e+07,1.3823e+07,1.3823e+07,1.3823e+07,430980,430980,430980,430855,430855,430855,9.83895e+07,9.83895e+07,9.83895e+07,445.044,445.044,445.044,527.928,527.928,527.928
735,634943,634943,634943,63499.9,63499.9,63499.9,65936.4,65936.4,65936.4,1.32917e+07,1.32917e+07,1.32917e+07,1.38213e+07,1.38213e+07,1.38213e+07,431009,431009,431009,430884,430884,430884,9.83903e+07,9.83903e+07,9.83903e+07,445.068,445.068,445.068,527.954,527.954,527.954
736,634754,634754,634754,63492.3,63492.3,63492.3,65928.3,65928.3,65928.3,1.329e+07,1.329e+07,1.329e+07,1.38196e+07,1.38196e+07,1.38196e+07,431031,431031,431031,430905,430905,430905,9.83913e+07,9.83913e+07,9.83913e+07,445.084,445.084,445.084,527.973,527.973,527.973
737,634569,634569,634569,63483.9,63483.9,63483.9,65919.5,65919.5,65919.5,1.32884e+07,1.32884e+07,1.32884e+07,1.38178e+07,1.38178e+07,1.38178e+07,431044,431044,431044,430918,430918,430918,9.83924e+07,9.83924e+07,9.83924e+07,445.093,445.093,445.093,527.982,527.982,527.982
738,634392,634392,634392,63475,63475,63475,65910.2,65910.2,65910.2,1.32867e+07,1.32867e+07,1.32867e+07,1.38161e+07,1.38161e+07,1.38161e+07,431049,431049,431049,430923,430923,430923,9.83935e+07,9.83935e+07,9.83935e+07,445.093,445.093,445.093,527.982,527.982,527.982
739,634224,634224,634224,63465.5,63465.5,63465.5,65900.4,65900.4,65900.4,1.3285e+07,1.3285e+07,1.3285e+07,1.38143e+07,1.38143e+07,1.38143e+07,431044,431044,431044,430920,430920,430920,9.83946e+07,9.83946e+07,9.83946e+07,445.085,445.085,445.085,527.973,527.973,527.973
740,634068,634068,634068,63455.7,63455.7,63455.7,65890.3,65890.3,65890.3,1.32834e+07,1.32834e+07,1.32834e+07,1.38126e+07,1.38126e+07,1.38126e+07,431032,431032,431032,430908,430908,430908,9.83957e+07,9.83957e+07,9.83957e+07,445.069,445.069,445.069,527.954,527.954,527.954
741,633925,633925,633925,63445.7,63445.7,63445.7,65880.1,65880.1,65880.1,1.32818e+07,1.32818e+07,1.32818e+07,1.3811e+07,1.3811e+07,1.3811e+07,431010,431010,431010,430888,430888,430888,9.83967e+07,9.83967e+07,9.83967e+07,445.044,445.044,445.044,527.926,527.926,527.926
742,633799,633799,633799,63435.5,63435.5,63435.5,65869.7,65869.7,65869.7,1.32803e+07,1.32803e+07,1.32803e+07,1.38094e+07,1.38094e+07,1.38094e+07,430979,430979,430979,430859,430859,430859,9.83976e+07,9.83976e+07,9.83976e+07,445.011,445.011,445.011,527.889,527.889,527.889
743,633689,633689,633689,63425.3,63425.3,63425.3,65859.4,65859.4,65859.4,1.32789e+07,1.32789e+07,1.32789e+07,1.38079e+07,1.38079e+07,1.38079e+07,430941,430941,430941,430823,430823,430823,9.83984e+07,9.83984e+07,9.83984e+07,444.971,444.971,444.971,527.844,527.844,527.844
744,633599,633599,633599,63415.2,63415.2,63415.2,65849.2,65849.2,65849.2,1.32776e+07,1.32776e+07,1.32776e+07,1.38065e+07,1.38065e+07,1.38065e+07,430894,430894,430894,430778,430778,430778,9.83989e+07,9.83989e+07,9.83989e+07,444.924,444.924,444.924,527.79,527.79,527.79
745,633528,633528,633528,63405.4,63405.4,63405.4,65839.4,65839.4,65839.4,1.32764e+07,1.32764e+07,1.32764e+07,1.38053e+07,1.38053e+07,1.38053e+07,430840,430840,430840,430727,430727,430727,9.83993e+07,9.83993e+07,9.83993e+07,444.869,444.869,444.869,527.728,527.728,527.728
746,633478,633478,633478,63396,63396,63396,65830,65830,65830,1.32754e+07,1.32754e+07,1.32754e+07,1.38042e+07,1.38042e+07,1.38042e+07,430779,430779,430779,430669,430669,430669,9.83993e+07,9.83993e+07,9.83993e+07,444.809,444.809,444.809,527.66,527.66,527.66
747,633449,633449,633449,63387,63387,63387,65821.2,65821.2,65821.2,1.32745e+07,1.32745e+07,1.32745e+07,1.38033e+07,1.38033e+07,1.38033e+07,430713,430713,430713,430605,430605,430605,9.83991e+07,9.83991e+07,9.83991e+07,444.743,444.743,444.743,527.586,527.586,527.586
748,633442,633442,633442,63378.6,63378.6,63378.6,65813,65813,65813,1.32737e+07,1.32737e+07,1.32737e+07,1.38025e+07,1.38025e+07,1.38025e+07,430641,430641,430641,430537,430537,430537,9.83986e+07,9.83986e+07,9.83986e+07,444.673,444.673,444.673,527.506,527.506,527.506
749,633457,633457,633457,63371,63371,63371,65805.5,65805.5,65805.5,1.32731e+07,1.32731e+07,1.32731e+07,1.38019e+07,1.38019e+07,1.38019e+07,430565,430565,430565,430464,430464,430464,9.83977e+07,9.83977e+07,9.83977e+07,444.599,444.599,444.599,527.422,527.422,527.422
750,633492,633492,633492,63364.1,63364.1,63364.1,65798.9,65798.9,65798.9,1.32727e+07,1.32727e+07,1.32727e+07,1.38015e+07,1.38015e+07,1.38015e+07,430486,430486,430486,430388,430388,430388,9.83965e+07,9.83965e+07,9.83965e+07,444.523,444.523,444.523,527.336,527.336,527.336
751,633548,633548,633548,63358.1,63358.1,63358.1,65793.2,65793.2,65793.2,1.32725e+07,1.32725e+07,1.32725e+07,1.38013e+07,1.38013e+07,1.38013e+07,430404,430404,430404,430309,430309,430309,9.8395e+07,9.8395e+07,9.8395e+07,444.445,444.445,444.445,527.247,527.247,527.247
752,633623,633623,633623,63353.1,63353.1,63353.1,65788.5,65788.5,65788.5,1.32724e+07,1.32724e+07,1.32724e+07,1.38012e+07,1.38012e+07,1.38012e+07,430321,430321,430321,430230,430230,430230,9.83931e+07,9.83931e+07,9.83931e+07,444.366,444.366,444.366,527.157,527.157,527.157
753,633717,633717,633717,63349,63349,63349,65784.8,65784.8,65784.8,1.32726e+07,1.32726e+07,1.32726e+07,1.38014e+07,1.38014e+07,1.38014e+07,430238,430238,430238,430150,430150,430150,9.83908e+07,9.83908e+07,9.83908e+07,444.287,444.287,444.287,527.068,527.068,527.068
754,633828,633828,633828,63345.9,63345.9,63345.9,65782.2,65782.2,65782.2,1.32728e+07,1.32728e+07,1.32728e+07,1.38017e+07,1.38017e+07,1.38017e+07,430156,430156,430156,430071,430071,430071,9.83883e+07,9.83883e+07,9.83883e+07,444.209,444.209,444.209,526.98,526.98,526.98
755,633953,633953,633953,63344,63344,63344,65780.6,65780.6,65780.6,1.32733e+07,1.32733e+07,1.32733e+07,1.38021e+07,1.38021e+07,1.38021e+07,430076,430076,430076,429993,429993,429993,9.83854e+07,9.83854e+07,9.83854e+07,444.134,444.134,444.134,526.894,526.894,526.894
756,634092,634092,634092,63343.1,63343.1,63343.1,65780.1,65780.1,65780.1,1.32739e+07,1.32739e+07,1.32739e+07,1.38027e+07,1.38027e+07,1.38027e+07,429999,429999,429999,429919,429919,429919,9.83823e+07,9.83823e+07,9.83823e+07,444.062,444.062,444.062,526.813,526.813,526.813
757,634242,634242,634242,63343.2,63343.2,63343.2,65780.7,65780.7,65780.7,1.32746e+07,1.32746e+07,1.32746e+07,1.38035e+07,1.38035e+07,1.38035e+07,429926,429926,429926,429848,429848,429848,9.83788e+07,9.83788e+07,9.83788e+07,443.994,443.994,443.994,526.735,526.735,526.735
758,634400,634400,634400,63344.4,63344.4,63344.4,65782.4,65782.4,65782.4,1.32754e+07,1.32754e+07,1.32754e+07,1.38044e+07,1.38044e+07,1.38044e+07,429858,429858,429858,429782,429782,429782,9.83751e+07,9.83751e+07,9.83751e+07,443.931,443.931,443.931,526.664,526.664,526.664
759,634565,634565,634565,63346.7,63346.7,63346.7,65785,65785,65785,1.32764e+07,1.32764e+07,1.32764e+07,1.38054e+07,1.38054e+07,1.38054e+07,429796,429796,429796,429721,429721,429721,9.83712e+07,9.83712e+07,9.83712e+07,443.874,443.874,443.874,526.598,526.598,526.598
760,634734,634734,634734,63349.9,63349.9,63349.9,65788.7,65788.7,65788.7,1.32774e+07,1.32774e+07,1.32774e+07,1.38065e+07,1.38065e+07,1.38065e+07,429740,429740,429740,429666,429666,429666,9.83671e+07,9.83671e+07,9.83671e+07,443.823,443.823,443.823,526.54,526.54,526.54
761,634904,634904,634904,63353.9,63353.9,63353.9,65793.1,65793.1,65793.1,1.32786e+07,1.32786e+07,1.32786e+07,1.38077e+07,1.38077e+07,1.38077e+07,429692,429692,429692,429619,429619,429619,9.83629e+07,9.83629e+07,9.83629e+07,443.779,443.779,443.779,526.491,526.491,526.491
762,635072,635072,635072,63358.9,63358.9,63358.9,65798.4,65798.4,65798.4,1.32797e+07,1.32797e+07,1.32797e+07,1.3809e+07,1.3809e+07,1.3809e+07,429651,429651,429651,429579,429579,429579,9.83586e+07,9.83586e+07,9.83586e+07,443.743,443.743,443.743,526.449,526.449,526.449
763,635236,635236,635236,63364.5,63364.5,63364.5,65804.5,65804.5,65804.5,1.3281e+07,1.3281e+07,1.3281e+07,1.38103e+07,1.38103e+07,1.38103e+07,429619,429619,429619,429547,429547,429547,9.83542e+07,9.83542e+07,9.83542e+07,443.715,443.715,443.715,526.417,526.417,526.417
764,635395,635395,635395,63370.9,63370.9,63370.9,65811.1,65811.1,65811.1,1.32822e+07,1.32822e+07,1.32822e+07,1.38116e+07,1.38116e+07,1.38116e+07,429595,429595,429595,429523,429523,429523,9.83498e+07,9.83498e+07,9.83498e+07,443.696,443.696,443.696,526.394,526.394,526.394
765,635544,635544,635544,63377.7,63377.7,63377.7,65818.2,65818.2,65818.2,1.32834e+07,1.32834e+07,1.32834e+07,1.38129e+07,1.38129e+07,1.38129e+07,429581,429581,429581,429508,429508,429508,9.83454e+07,9.83454e+07,9.83454e+07,443.685,443.685,443.685,526.381,526.381,526.381
766,635682,635682,635682,63385,63385,63385,65825.7,65825.7,65825.7,1.32846e+07,1.32846e+07,1.32846e+07,1.38141e+07,1.38141e+07,1.38141e+07,429575,429575,429575,429502,429502,429502,9.83411e+07,9.83411e+07,9.83411e+07,443.682,443.682,443.682,526.377,526.377,526.377
767,635806,635806,635806,63392.6,63392.6,63392.6,65833.5,65833.5,65833.5,1.32858e+07,1.32858e+07,1.32858e+07,1.38153e+07,1.38153e+07,1.38153e+07,429579,429579,429579,429504,429504,429504,9.83369e+07,9.83369e+07,9.83369e+07,443.688,443.688,443.688,526.383,526.383,526.383
768,635916,635916,635916,63400.4,63400.4,63400.4,65841.4,65841.4,65841.4,1.32869e+07,1.32869e+07,1.32869e+07,1.38165e+07,1.38165e+07,1.38165e+07,429592,429592,429592,429515,429515,429515,9.83329e+07,9.83329e+07,9.83329e+07,443.702,443.702,443.702,526.398,526.398,526.398
769,636008,636008,636008,63408.2,63408.2,63408.2,65849.2,65849.2,65849.2,1.32879e+07,1.32879e+07,1.32879e+07,1.38175e+07,1.38175e+07,1.38175e+07,429613,429613,429613,429534,429534,429534,9.83291e+07,9.83291e+07,9.83291e+07,443.724,443.724,443.724,526.423,526.423,526.423
770,636082,636082,636082,63416,63416,63416,65857,65857,65857,1.32888e+07,1.32888e+07,1.32888e+07,1.38185e+07,1.38185e+07,1.38185e+07,429642,429642,429642,429561,429561,429561,9.83255e+07,9.83255e+07,9.83255e+07,443.754,443.754,443.754,526.456,526.456,526.456
771,636137,636137,636137,63423.5,63423.5,63423.5,65864.5,65864.5,65864.5,1.32896e+07,1.32896e+07,1.32896e+07,1.38193e+07,1.38193e+07,1.38193e+07,429679,429679,429679,429596,429596,429596,9.83222e+07,9.83222e+07,9.83222e+07,443.791,443.791,443.791,526.497,526.497,526.497
772,636171,636171,636171,63430.8,63430.8,63430.8,65871.6,65871.6,65871.6,1.32902e+07,1.32902e+07,1.32902e+07,1.382e+07,1.382e+07,1.382e+07,429723,429723,429723,429637,429637,429637,9.83192e+07,9.83192e+07,9.83192e+07,443.834,443.834,443.834,526.545,526.545,526.545
773,636184,636184,636184,63437.6,63437.6,63437.6,65878.3,65878.3,65878.3,1.32907e+07,1.32907e+07,1.32907e+07,1.38205e+07,1.38205e+07,1.38205e+07,429774,429774,429774,429685,429685,429685,9.83165e+07,9.83165e+07,9.83165e+07,443.883,443.883,443.883,526.599,526.599,526.599
774,636175,636175,636175,63443.8,63443.8,63443.8,65884.3,65884.3,65884.3,1.32911e+07,1.32911e+07,1.32911e+07,1.38209e+07,1.38209e+07,1.38209e+07,429829,429829,429829,429737,429737,429737,9.83142e+07,9.83142e+07,9.83142e+07,443.937,443.937,443.937,526.66,526.66,526.66
775,636145,636145,636145,63449.4,63449.4,63449.4,65889.6,65889.6,65889.6,1.32913e+07,1.32913e+07,1.32913e+07,1.38211e+07,1.38211e+07,1.38211e+07,429890,429890,429890,429795,429795,429795,9.83122e+07,9.83122e+07,9.83122e+07,443.995,443.995,443.995,526.724,526.724,526.724
776,636094,636094,636094,63454.2,63454.2,63454.2,65894.1,65894.1,65894.1,1.32914e+07,1.32914e+07,1.32914e+07,1.38212e+07,1.38212e+07,1.38212e+07,429954,429954,429954,429856,429856,429856,9.83106e+07,9.83106e+07,9.83106e+07,444.055,444.055,444.055,526.792,526.792,526.792
777,636023,636023,636023,63458.2,63458.2,63458.2,65897.7,65897.7,65897.7,1.32912e+07,1.32912e+07,1.32912e+07,1.3821e+07,1.3821e+07,1.3821e+07,430021,430021,430021,429919,429919,429919,9.83094e+07,9.83094e+07,9.83094e+07,444.118,444.118,444.118,526.863,526.863,526.863
778,635932,635932,635932,63461.3,63461.3,63461.3,65900.4,65900.4,65900.4,1.3291e+07,1.3291e+07,1.3291e+07,1.38207e+07,1.38207e+07,1.38207e+07,430089,430089,430089,429985,429985,429985,9.83086e+07,9.83086e+07,9.83086e+07,444.182,444.182,444.182,526.935,526.935,526.935
779,635823,635823,635823,63463.4,63463.4,63463.4,65902.1,65902.1,65902.1,1.32905e+07,1.32905e+07,1.32905e+07,1.38202e+07,1.38202e+07,1.38202e+07,430157,430157,430157,430050,430050,430050,9.83082e+07,9.83082e+07,9.83082e+07,444.246,444.246,444.246,527.007,527.007,527.007
780,635697,635697,635697,63464.5,63464.5,63464.5,65902.7,65902.7,65902.7,1.32899e+07,1.32899e+07,1.32899e+07,1.38196e+07,1.38196e+07,1.38196e+07,430225,430225,430225,430115,430115,430115,9.83082e+07,9.83082e+07,9.83082e+07,444.309,444.309,444.309,527.078,527.078,527.078
781,635556,635556,635556,63464.6,63464.6,63464.6,65902.3,65902.3,65902.3,1.32891e+07,1.32891e+07,1.32891e+07,1.38187e+07,1.38187e+07,1.38187e+07,430291,430291,430291,430179,430179,430179,9.83085e+07,9.83085e+07,9.83085e+07,444.37,444.37,444.37,527.146,527.146,527.146
782,635402,635402,635402,63463.6,63463.6,63463.6,65900.8,65900.8,65900.8,1.32882e+07,1.32882e+07,1.32882e+07,1.38178e+07,1.38178e+07,1.38178e+07,430355,430355,430355,430240,430240,430240,9.83091e+07,9.83091e+07,9.83091e+07,444.428,444.428,444.428,527.212,527.212,527.212
783,635238,635238,635238,63461.6,63461.6,63461.6,65898.3,65898.3,65898.3,1.32871e+07,1.32871e+07,1.32871e+07,1.38167e+07,1.38167e+07,1.38167e+07,430415,430415,430415,430298,430298,430298,9.83101e+07,9.83101e+07,9.83101e+07,444.482,444.482,444.482,527.273,527.273,527.273
784,635065,635065,635065,63458.5,63458.5,63458.5,65894.7,65894.7,65894.7,1.3286e+07,1.3286e+07,1.3286e+07,1.38154e+07,1.38154e+07,1.38154e+07,430469,430469,430469,430351,430351,430351,9.83114e+07,9.83114e+07,9.83114e+07,444.532,444.532,444.532,527.328,527.328,527.328
785,634886,634886,634886,63454.5,63454.5,63454.5,65890.2,65890.2,65890.2,1.32847e+07,1.32847e+07,1.32847e+07,1.38141e+07,1.38141e+07,1.38141e+07,430519,430519,430519,430398,430398,430398,9.83129e+07,9.83129e+07,9.83129e+07,444.575,444.575,444.575,527.378,527.378,527.378
786,634703,634703,634703,63449.5,63449.5,63449.5,65884.7,65884.7,65884.7,1.32833e+07,1.32833e+07,1.32833e+07,1.38126e+07,1.38126e+07,1.38126e+07,430562,430562,430562,430440,430440,430440,9.83147e+07,9.83147e+07,9.83147e+07,444.613,444.613,444.613,527.42,527.42,527.42
787,634520,634520,634520,63443.6,63443.6,63443.6,65878.4,65878.4,65878.4,1.32819e+07,1.32819e+07,1.32819e+07,1.38111e+07,1.38111e+07,1.38111e+07,430597,430597,430597,430475,430475,430475,9.83166e+07,9.83166e+07,9.83166e+07,444.643,444.643,444.643,527.454,527.454,527.454
788,634338,634338,634338,63436.9,63436.9,63436.9,65871.3,65871.3,65871.3,1.32804e+07,1.32804e+07,1.32804e+07,1.38096e+07,1.38096e+07,1.38096e+07,430626,430626,430626,430503,430503,430503,9.83187e+07,9.83187e+07,9.83187e+07,444.666,444.666,444.666,527.481,527.481,527.481
789,634161,634161,634161,63429.5,63429.5,63429.5,65863.5,65863.5,65863.5,1.32789e+07,1.32789e+07,1.32789e+07,1.3808e+07,1.3808e+07,1.3808e+07,430645,430645,430645,430523,430523,430523,9.83209e+07,9.83209e+07,9.83209e+07,444.682,444.682,444.682,527.498,527.498,527.498
790,633990,633990,633990,63421.5,63421.5,63421.5,65855.2,65855.2,65855.2,1.32774e+07,1.32774e+07,1.32774e+07,1.38064e+07,1.38064e+07,1.38064e+07,430657,430657,430657,430534,430534,430534,9.83231e+07,9.83231e+07,9.83231e+07,444.689,444.689,444.689,527.506,527.506,527.506
791,633828,633828,633828,63413,63413,63413,65846.3,65846.3,65846.3,1.32758e+07,1.32758e+07,1.32758e+07,1.38048e+07,1.38048e+07,1.38048e+07,430660,430660,430660,430538,430538,430538,9.83254e+07,9.83254e+07,9.83254e+07,444.688,444.688,444.688,527.505,527.505,527.505
792,633678,633678,633678,63404,63404,63404,65837.1,65837.1,65837.1,1.32744e+07,1.32744e+07,1.32744e+07,1.38032e+07,1.38032e+07,1.38032e+07,430653,430653,430653,430532,430532,430532,9.83276e+07,9.83276e+07,9.83276e+07,444.678,444.678,444.678,527.494,527.494,527.494
793,633541,633541,633541,63394.8,63394.8,63394.8,65827.7,65827.7,65827.7,1.32729e+07,1.32729e+07,1.32729e+07,1.38017e+07,1.38017e+07,1.38017e+07,430638,430638,430638,430519,430519,430519,9.83298e+07,9.83298e+07,9.83298e+07,444.661,444.661,444.661,527.474,527.474,527.474
794,633419,633419,633419,63385.5,63385.5,63385.5,65818.2,65818.2,65818.2,1.32716e+07,1.32716e+07,1.32716e+07,1.38003e+07,1.38003e+07,1.38003e+07,430615,430615,430615,430497,430497,430497,9.83318e+07,9.83318e+07,9.83318e+07,444.635,444.635,444.635,527.445,527.445,527.445
795,633315,633315,633315,63376.1,63376.1,63376.1,65808.8,65808.8,65808.8,1.32703e+07,1.32703e+07,1.32703e+07,1.37989e+07,1.37989e+07,1.37989e+07,430582,430582,430582,430467,430467,430467,9.83337e+07,9.83337e+07,9.83337e+07,444.601,444.601,444.601,527.408,527.408,527.408
796,633229,633229,633229,63366.9,63366.9,63366.9,65799.5,65799.5,65799.5,1.32691e+07,1.32691e+07,1.32691e+07,1.37977e+07,1.37977e+07,1.37977e+07,430542,430542,430542,430429,430429,430429,9.83353e+07,9.83353e+07,9.83353e+07,444.56,444.56,444.56,527.362,527.362,527.362
797,633163,633163,633163,63357.8,63357.8,63357.8,65790.4,65790.4,65790.4,1.3268e+07,1.3268e+07,1.3268e+07,1.37966e+07,1.37966e+07,1.37966e+07,430495,430495,430495,430384,430384,430384,9.83368e+07,9.83368e+07,9.83368e+07,444.512,444.512,444.512,527.308,527.308,527.308
798,633117,633117,633117,63349.2,63349.2,63349.2,65781.8,65781.8,65781.8,1.32671e+07,1.32671e+07,1.32671e+07,1.37957e+07,1.37957e+07,1.37957e+07,430440,430440,430440,430332,430332,430332,9.8338e+07,9.8338e+07,9.8338e+07,444.459,444.459,444.459,527.247,527.247,527.247
799,633093,633093,633093,63340.9,63340.9,63340.9,65773.8,65773.8,65773.8,1.32664e+07,1.32664e+07,1.32664e+07,1.37949e+07,1.37949e+07,1.37949e+07,430380,430380,430380,430275,430275,430275,9.83389e+07,9.83389e+07,9.83389e+07,444.399,444.399,444.399,527.18,527.18,527.18
800,633090,633090,633090,63333.3,63333.3,63333.3,65766.3,65766.3,65766.3,1.32657e+07,1.32657e+07,1.32657e+07,1.37942e+07,1.37942e+07,1.37942e+07,430314,430314,430314,430212,430212,430212,9.83395e+07,9.83395e+07,9.83395e+07,444.335,444.335,444.335,527.108,527.108,527.108
801,633109,633109,633109,63326.4,63326.4,63326.4,65759.6,65759.6,65759.6,1.32653e+07,1.32653e+07,1.32653e+07,1.37938e+07,1.37938e+07,1.37938e+07,430244,430244,430244,430145,430145,430145,9.83398e+07,9.83398e+07,9.83398e+07,444.267,444.267,444.267,527.031,527.031,527.031
802,633148,633148,633148,63320.2,63320.2,63320.2,65753.7,65753.7,65753.7,1.3265e+07,1.3265e+07,1.3265e+07,1.37935e+07,1.37935e+07,1.37935e+07,430170,430170,430170,430074,430074,430074,9.83397e+07,9.83397e+07,9.83397e+07,444.197,444.197,444.197,526.951,526.951,526.951
803,633209,633209,633209,63314.9,63314.9,63314.9,65748.7,65748.7,65748.7,1.32649e+07,1.32649e+07,1.32649e+07,1.37934e+07,1.37934e+07,1.37934e+07,430094,430094,430094,430001,430001,430001,9.83393e+07,9.83393e+07,9.83393e+07,444.124,444.124,444.124,526.869,526.869,526.869
804,633289,633289,633289,63310.5,63310.5,63310.5,65744.7,65744.7,65744.7,1.32649e+07,1.32649e+07,1.32649e+07,1.37934e+07,1.37934e+07,1.37934e+07,430017,430017,430017,429927,429927,429927,9.83385e+07,9.83385e+07,9.83385e+07,444.051,444.051,444.051,526.786,526.786,526.786
805,633387,633387,633387,63307.1,63307.1,63307.1,65741.6,65741.6,65741.6,1.32652e+07,1.32652e+07,1.32652e+07,1.37937e+07,1.37937e+07,1.37937e+07,429939,429939,429939,429852,429852,429852,9.83374e+07,9.83374e+07,9.83374e+07,443.977,443.977,443.977,526.703,526.703,526.703
806,633502,633502,633502,63304.7,63304.7,63304.7,65739.7,65739.7,65739.7,1.32656e+07,1.32656e+07,1.32656e+07,1.37941e+07,1.37941e+07,1.37941e+07,429862,429862,429862,429778,429778,429778,9.8336e+07,9.8336e+07,9.8336e+07,443.905,443.905,443.905,526.621,526.621,526.621
807,633633,633633,633633,63303.3,63303.3,63303.3,65738.8,65738.8,65738.8,1.32661e+07,1.32661e+07,1.32661e+07,1.37947e+07,1.37947e+07,1.37947e+07,429787,429787,429787,429706,429706,429706,9.83342e+07,9.83342e+07,9.83342e+07,443.834,443.834,443.834,526.542,526.542,526.542
808,633777,633777,633777,63303.1,63303.1,63303.1,65739,65739,65739,1.32668e+07,1.32668e+07,1.32668e+07,1.37955e+07,1.37955e+07,1.37955e+07,429714,429714,429714,429636,429636,429636,9.83321e+07,9.83321e+07,9.83321e+07,443.767,443.767,443.767,526.465,526.465,526.465
809,633933,633933,633933,63303.8,63303.8,63303.8,65740.2,65740.2,65740.2,1.32677e+07,1.32677e+07,1.32677e+07,1.37964e+07,1.37964e+07,1.37964e+07,429646,429646,429646,429570,429570,429570,9.83298e+07,9.83298e+07,9.83298e+07,443.704,443.704,443.704,526.394,526.394,526.394
810,634097,634097,634097,63305.7,63305.7,63305.7,65742.5,65742.5,65742.5,1.32687e+07,1.32687e+07,1.32687e+07,1.37974e+07,1.37974e+07,1.37974e+07,429582,429582,429582,429508,429508,429508,9.83272e+07,9.83272e+07,9.83272e+07,443.646,443.646,443.646,526.328,526.328,526.328
811,634268,634268,634268,63308.6,63308.6,63308.6,65745.8,65745.8,65745.8,1.32697e+07,1.32697e+07,1.32697e+07,1.37985e+07,1.37985e+07,1.37985e+07,429524,429524,429524,429451,429451,429451,9.83243e+07,9.83243e+07,9.83243e+07,443.593,443.593,443.593,526.268,526.268,526.268
812,634443,634443,634443,63312.4,63312.4,63312.4,65750.1,65750.1,65750.1,1.32709e+07,1.32709e+07,1.32709e+07,1.37998e+07,1.37998e+07,1.37998e+07,429472,429472,429472,429401,429401,429401,9.83213e+07,9.83213e+07,9.83213e+07,443.546,443.546,443.546,526.215,526.215,526.215
813,634620,634620,634620,63317.1,63317.1,63317.1,65755.3,65755.3,65755.3,1.32722e+07,1.32722e+07,1.32722e+07,1.38011e+07,1.38011e+07,1.38011e+07,429428,429428,429428,429357,429357,429357,9.83181e+07,9.83181e+07,9.83181e+07,443.507,443.507,443.507,526.17,526.17,526.17
814,634796,634796,634796,63322.7,63322.7,63322.7,65761.3,65761.3,65761.3,1.32735e+07,1.32735e+07,1.32735e+07,1.38025e+07,1.38025e+07,1.38025e+07,429391,429391,429391,429321,429321,429321,9.83149e+07,9.83149e+07,9.83149e+07,443.475,443.475,443.475,526.134,526.134,526.134
815,634968,634968,634968,63329,63329,63329,65768,65768,65768,1.32748e+07,1.32748e+07,1.32748e+07,1.38039e+07,1.38039e+07,1.38039e+07,429363,429363,429363,429293,429293,429293,9.83115e+07,9.83115e+07,9.83115e+07,443.451,443.451,443.451,526.106,526.106,526.106
816,635134,635134,635134,63336,63336,63336,65775.3,65775.3,65775.3,1.32762e+07,1.32762e+07,1.32762e+07,1.38053e+07,1.38053e+07,1.38053e+07,429343,429343,429343,429273,429273,429273,9.83081e+07,9.83081e+07,9.83081e+07,443.435,443.435,443.435,526.088,526.088,526.088
817,635291,635291,635291,63343.6,63343.6,63343.6,65783.2,65783.2,65783.2,1.32776e+07,1.32776e+07,1.32776e+07,1.38068e+07,1.38068e+07,1.38068e+07,429332,429332,429332,429262,429262,429262,9.83048e+07,9.83048e+07,9.83048e+07,443.428,443.428,443.428,526.079,526.079,526.079
818,635438,635438,635438,63351.6,63351.6,63351.6,65791.4,65791.4,65791.4,1.32789e+07,1.32789e+07,1.32789e+07,1.38082e+07,1.38082e+07,1.38082e+07,429330,429330,429330,429259,429259,429259,9.83015e+07,9.83015e+07,9.83015e+07,443.429,443.429,443.429,526.08,526.08,526.08
819,635571,635571,635571,63359.9,63359.9,63359.9,65799.9,65799.9,65799.9,1.32802e+07,1.32802e+07,1.32802e+07,1.38095e+07,1.38095e+07,1.38095e+07,429338,429338,429338,429265,429265,429265,9.82983e+07,9.82983e+07,9.82983e+07,443.439,443.439,443.439,526.091,526.091,526.091
820,635690,635690,635690,63368.4,63368.4,63368.4,65808.6,65808.6,65808.6,1.32814e+07,1.32814e+07,1.32814e+07,1.38108e+07,1.38108e+07,1.38108e+07,429354,429354,429354,429280,429280,429280,9.82953e+07,9.82953e+07,9.82953e+07,443.457,443.457,443.457,526.111,526.111,526.111
821,635791,635791,635791,63377,63377,63377,65817.2,65817.2,65817.2,1.32826e+07,1.32826e+07,1.32826e+07,1.38121e+07,1.38121e+07,1.38121e+07,429379,429379,429379,429302,429302,429302,9.82924e+07,9.82924e+07,9.82924e+07,443.484,443.484,443.484,526.14,526.14,526.14
822,635875,635875,635875,63385.5,63385.5,63385.5,65825.8,65825.8,65825.8,1.32836e+07,1.32836e+07,1.32836e+07,1.38132e+07,1.38132e+07,1.38132e+07,429412,429412,429412,429333,429333,429333,9.82898e+07,9.82898e+07,9.82898e+07,443.517,443.517,443.517,526.178,526.178,526.178
823,635939,635939,635939,63393.8,63393.8,63393.8,65834.1,65834.1,65834.1,1.32846e+07,1.32846e+07,1.32846e+07,1.38141e+07,1.38141e+07,1.38141e+07,429452,429452,429452,429372,429372,429372,9.82875e+07,9.82875e+07,9.82875e+07,443.558,443.558,443.558,526.224,526.224,526.224
824,635982,635982,635982,63401.9,63401.9,63401.9,65842.1,65842.1,65842.1,1.32854e+07,1.32854e+07,1.32854e+07,1.3815e+07,1.3815e+07,1.3815e+07,429500,429500,429500,429417,429417,429417,9.82854e+07,9.82854e+07,9.82854e+07,443.605,443.605,443.605,526.277,526.277,526.277
825,636005,636005,636005,63409.5,63409.5,63409.5,65849.5,65849.5,65849.5,1.32861e+07,1.32861e+07,1.32861e+07,1.38157e+07,1.38157e+07,1.38157e+07,429555,429555,429555,429468,429468,429468,9.82836e+07,9.82836e+07,9.82836e+07,443.659,443.659,443.659,526.336,526.336,526.336
826,636006,636006,636006,63416.5,63416.5,63416.5,65856.4,65856.4,65856.4,1.32866e+07,1.32866e+07,1.32866e+07,1.38162e+07,1.38162e+07,1.38162e+07,429615,429615,429615,429525,429525,429525,9.82822e+07,9.82822e+07,9.82822e+07,443.717,443.717,443.717,526.402,526.402,526.402
827,635986,635986,635986,63423,63423,63423,65862.6,65862.6,65862.6,1.3287e+07,1.3287e+07,1.3287e+07,1.38166e+07,1.38166e+07,1.38166e+07,429679,429679,429679,429587,429587,429587,9.82812e+07,9.82812e+07,9.82812e+07,443.779,443.779,443.779,526.472,526.472,526.472
828,635944,635944,635944,63428.6,63428.6,63428.6,65867.9,65867.9,65867.9,1.32872e+07,1.32872e+07,1.32872e+07,1.38168e+07,1.38168e+07,1.38168e+07,429748,429748,429748,429652,429652,429652,9.82805e+07,9.82805e+07,9.82805e+07,443.844,443.844,443.844,526.545,526.545,526.545
829,635882,635882,635882,63433.5,63433.5,63433.5,65872.5,65872.5,65872.5,1.32872e+07,1.32872e+07,1.32872e+07,1.38168e+07,1.38168e+07,1.38168e+07,429819,429819,429819,429720,429720,429720,9.82803e+07,9.82803e+07,9.82803e+07,443.912,443.912,443.912,526.621,526.621,526.621
830,635801,635801,635801,63437.4,63437.4,63437.4,65876,65876,65876,1.32871e+07,1.32871e+07,1.32871e+07,1.38167e+07,1.38167e+07,1.38167e+07,429891,429891,429891,429790,429790,429790,9.82804e+07,9.82804e+07,9.82804e+07,443.98,443.98,443.98,526.699,526.699,526.699
831,635701,635701,635701,63440.4,63440.4,63440.4,65878.6,65878.6,65878.6,1.32867e+07,1.32867e+07,1.32867e+07,1.38163e+07,1.38163e+07,1.38163e+07,429965,429965,429965,429860,429860,429860,9.82809e+07,9.82809e+07,9.82809e+07,444.049,444.049,444.049,526.777,526.777,526.777
832,635584,635584,635584,63442.4,63442.4,63442.4,65880.1,65880.1,65880.1,1.32863e+07,1.32863e+07,1.32863e+07,1.38158e+07,1.38158e+07,1.38158e+07,430037,430037,430037,429930,429930,429930,9.82817e+07,9.82817e+07,9.82817e+07,444.117,444.117,444.117,526.853,526.853,526.853
833,635451,635451,635451,63443.3,63443.3,63443.3,65880.6,65880.6,65880.6,1.32857e+07,1.32857e+07,1.32857e+07,1.38152e+07,1.38152e+07,1.38152e+07,430109,430109,430109,429998,429998,429998,9.82829e+07,9.82829e+07,9.82829e+07,444.184,444.184,444.184,526.928,526.928,526.928
834,635306,635306,635306,63443.2,63443.2,63443.2,65880,65880,65880,1.32849e+07,1.32849e+07,1.32849e+07,1.38144e+07,1.38144e+07,1.38144e+07,430177,430177,430177,430064,430064,430064,9.82845e+07,9.82845e+07,9.82845e+07,444.247,444.247,444.247,527,527,527
835,635149,635149,635149,63442,63442,63442,65878.4,65878.4,65878.4,1.3284e+07,1.3284e+07,1.3284e+07,1.38134e+07,1.38134e+07,1.38134e+07,430242,430242,430242,430127,430127,430127,9.82864e+07,9.82864e+07,9.82864e+07,444.306,444.306,444.306,527.067,527.067,527.067
836,634984,634984,634984,63439.8,63439.8,63439.8,65875.7,65875.7,65875.7,1.3283e+07,1.3283e+07,1.3283e+07,1.38123e+07,1.38123e+07,1.38123e+07,430302,430302,430302,430186,430186,430186,9.82886e+07,9.82886e+07,9.82886e+07,444.361,444.361,444.361,527.129,527.129,527.129
837,634812,634812,634812,63436.6,63436.6,63436.6,65872,65872,65872,1.32818e+07,1.32818e+07,1.32818e+07,1.38111e+07,1.38111e+07,1.38111e+07,430357,430357,430357,430239,430239,430239,9.8291e+07,9.8291e+07,9.8291e+07,444.411,444.411,444.411,527.185,527.185,527.185
838,634636,634636,634636,63432.4,63432.4,63432.4,65867.4,65867.4,65867.4,1.32806e+07,1.32806e+07,1.32806e+07,1.38098e+07,1.38098e+07,1.38098e+07,430405,430405,430405,430286,430286,430286,9.82937e+07,9.82937e+07,9.82937e+07,444.454,444.454,444.454,527.234,527.234,527.234
839,634459,634459,634459,63427.4,63427.4,63427.4,65861.9,65861.9,65861.9,1.32793e+07,1.32793e+07,1.32793e+07,1.38085e+07,1.38085e+07,1.38085e+07,430447,430447,430447,430326,430326,430326,9.82965e+07,9.82965e+07,9.82965e+07,444.49,444.49,444.49,527.275,527.275,527.275
840,634283,634283,634283,63421.5,63421.5,63421.5,65855.7,65855.7,65855.7,1.32779e+07,1.32779e+07,1.32779e+07,1.3807e+07,1.3807e+07,1.3807e+07,430481,430481,430481,430360,430360,430360,9.82995e+07,9.82995e+07,9.82995e+07,444.519,444.519,444.519,527.308,527.308,527.308
841,634110,634110,634110,63414.9,63414.9,63414.9,65848.7,65848.7,65848.7,1.32766e+07,1.32766e+07,1.32766e+07,1.38056e+07,1.38056e+07,1.38056e+07,430506,430506,430506,430385,430385,430385,9.83026e+07,9.83026e+07,9.83026e+07,444.54,444.54,444.54,527.333,527.333,527.333
842,633945,633945,633945,63407.6,63407.6,63407.6,65841.1,65841.1,65841.1,1.32752e+07,1.32752e+07,1.32752e+07,1.38041e+07,1.38041e+07,1.38041e+07,430523,430523,430523,430402,430402,430402,9.83057e+07,9.83057e+07,9.83057e+07,444.553,444.553,444.553,527.348,527.348,527.348
843,633788,633788,633788,63399.9,63399.9,63399.9,65833.1,65833.1,65833.1,1.32738e+07,1.32738e+07,1.32738e+07,1.38026e+07,1.38026e+07,1.38026e+07,430532,430532,430532,430411,430411,430411,9.83089e+07,9.83089e+07,9.83089e+07,444.558,444.558,444.558,527.353,527.353,527.353
844,633642,633642,633642,63391.7,63391.7,63391.7,65824.6,65824.6,65824.6,1.32724e+07,1.32724e+07,1.32724e+07,1.38012e+07,1.38012e+07,1.38012e+07,430531,430531,430531,430412,430412,430412,9.83121e+07,9.83121e+07,9.83121e+07,444.554,444.554,444.554,527.35,527.35,527.35
845,633509,633509,633509,63383.2,63383.2,63383.2,65815.9,65815.9,65815.9,1.32711e+07,1.32711e+07,1.32711e+07,1.37998e+07,1.37998e+07,1.37998e+07,430522,430522,430522,430404,430404,430404,9.83151e+07,9.83151e+07,9.83151e+07,444.542,444.542,444.542,527.337,527.337,527.337
846,633391,633391,633391,63374.6,63374.6,63374.6,65807.2,65807.2,65807.2,1.32698e+07,1.32698e+07,1.32698e+07,1.37985e+07,1.37985e+07,1.37985e+07,430504,430504,430504,430388,430388,430388,9.83181e+07,9.83181e+07,9.83181e+07,444.522,444.522,444.522,527.314,527.314,527.314
847,633290,633290,633290,63365.9,63365.9,63365.9,65798.4,65798.4,65798.4,1.32686e+07,1.32686e+07,1.32686e+07,1.37973e+07,1.37973e+07,1.37973e+07,430477,430477,430477,430363,430363,430363,9.83209e+07,9.83209e+07,9.83209e+07,444.494,444.494,444.494,527.283,527.283,527.283
848,633208,633208,633208,63357.2,63357.2,63357.2,65789.7,65789.7,65789.7,1.32676e+07,1.32676e+07,1.32676e+07,1.37961e+07,1.37961e+07,1.37961e+07,430443,430443,430443,430331,430331,430331,9.83235e+07,9.83235e+07,9.83235e+07,444.459,444.459,444.459,527.244,527.244,527.244
849,633145,633145,633145,63348.8,63348.8,63348.8,65781.4,65781.4,65781.4,1.32666e+07,1.32666e+07,1.32666e+07,1.37951e+07,1.37951e+07,1.37951e+07,430401,430401,430401,430291,430291,430291,9.83259e+07,9.83259e+07,9.83259e+07,444.417,444.417,444.417,527.196,527.196,527.196
850,633102,633102,633102,63340.8,63340.8,63340.8,65773.4,65773.4,65773.4,1.32658e+07,1.32658e+07,1.32658e+07,1.37943e+07,1.37943e+07,1.37943e+07,430351,430351,430351,430245,430245,430245,9.8328e+07,9.8328e+07,9.8328e+07,444.368,444.368,444.368,527.142,527.142,527.142
851,633081,633081,633081,63333.1,63333.1,63333.1,65765.9,65765.9,65765.9,1.32651e+07,1.32651e+07,1.32651e+07,1.37936e+07,1.37936e+07,1.37936e+07,430296,430296,430296,430192,430192,430192,9.83298e+07,9.83298e+07,9.83298e+07,444.314,444.314,444.314,527.081,527.081,527.081
852,633080,633080,633080,63326.1,63326.1,63326.1,65759,65759,65759,1.32646e+07,1.32646e+07,1.32646e+07,1.3793e+07,1.3793e+07,1.3793e+07,430235,430235,430235,430134,430134,430134,9.83313e+07,9.83313e+07,9.83313e+07,444.255,444.255,444.255,527.015,527.015,527.015
853,633102,633102,633102,63319.7,63319.7,63319.7,65752.9,65752.9,65752.9,1.32642e+07,1.32642e+07,1.32642e+07,1.37927e+07,1.37927e+07,1.37927e+07,430170,430170,430170,430072,430072,430072,9.83325e+07,9.83325e+07,9.83325e+07,444.192,444.192,444.192,526.944,526.944,526.944
854,633144,633144,633144,63314,63314,63314,65747.5,65747.5,65747.5,1.3264e+07,1.3264e+07,1.3264e+07,1.37925e+07,1.37925e+07,1.37925e+07,430101,430101,430101,430006,430006,430006,9.83334e+07,9.83334e+07,9.83334e+07,444.127,444.127,444.127,526.87,526.87,526.87
855,633208,633208,633208,63309.2,63309.2,63309.2,65743.1,65743.1,65743.1,1.3264e+07,1.3264e+07,1.3264e+07,1.37925e+07,1.37925e+07,1.37925e+07,430030,430030,430030,429938,429938,429938,9.83339e+07,9.83339e+07,9.83339e+07,444.059,444.059,444.059,526.793,526.793,526.793
856,633290,633290,633290,63305.4,63305.4,63305.4,65739.6,65739.6,65739.6,1.32642e+07,1.32642e+07,1.32642e+07,1.37926e+07,1.37926e+07,1.37926e+07,429957,429957,429957,429868,429868,429868,9.8334e+07,9.8334e+07,9.8334e+07,443.99,443.99,443.99,526.715,526.715,526.715
857,633392,633392,633392,63302.4,63302.4,63302.4,65737,65737,65737,1.32645e+07,1.32645e+07,1.32645e+07,1.3793e+07,1.3793e+07,1.3793e+07,429883,429883,429883,429798,429798,429798,9.83338e+07,9.83338e+07,9.83338e+07,443.92,443.92,443.92,526.637,526.637,526.637
858,633511,633511,633511,63300.5,63300.5,63300.5,65735.6,65735.6,65735.6,1.3265e+07,1.3265e+07,1.3265e+07,1.37935e+07,1.37935e+07,1.37935e+07,429810,429810,429810,429727,429727,429727,9.83333e+07,9.83333e+07,9.83333e+07,443.852,443.852,443.852,526.56,526.56,526.56
859,633645,633645,633645,63299.7,63299.7,63299.7,65735.2,65735.2,65735.2,1.32656e+07,1.32656e+07,1.32656e+07,1.37942e+07,1.37942e+07,1.37942e+07,429739,429739,429739,429659,429659,429659,9.83324e+07,9.83324e+07,9.83324e+07,443.786,443.786,443.786,526.486,526.486,526.486
860,633793,633793,633793,63299.9,63299.9,63299.9,65735.9,65735.9,65735.9,1.32664e+07,1.32664e+07,1.32664e+07,1.3795e+07,1.3795e+07,1.3795e+07,429670,429670,429670,429593,429593,429593,9.83312e+07,9.83312e+07,9.83312e+07,443.723,443.723,443.723,526.414,526.414,526.414
861,633953,633953,633953,63301.2,63301.2,63301.2,65737.7,65737.7,65737.7,1.32674e+07,1.32674e+07,1.32674e+07,1.3796e+07,1.3796e+07,1.3796e+07,429605,429605,429605,429530,429530,429530,9.83298e+07,9.83298e+07,9.83298e+07,443.663,443.663,443.663,526.347,526.347,526.347
862,634122,634122,634122,63303.5,63303.5,63303.5,65740.5,65740.5,65740.5,1.32684e+07,1.32684e+07,1.32684e+07,1.37972e+07,1.37972e+07,1.37972e+07,429545,429545,429545,429472,429472,429472,9.8328e+07,9.8328e+07,9.8328e+07,443.608,443.608,443.608,526.285,526.285,526.285
863,634297,634297,634297,63306.8,63306.8,63306.8,65744.3,65744.3,65744.3,1.32696e+07,1.32696e+07,1.32696e+07,1.37984e+07,1.37984e+07,1.37984e+07,429490,429490,429490,429418,429418,429418,9.83261e+07,9.83261e+07,9.83261e+07,443.559,443.559,443.559,526.229,526.229,526.229
864,634478,634478,634478,63311.2,63311.2,63311.2,65749.1,65749.1,65749.1,1.32709e+07,1.32709e+07,1.32709e+07,1.37998e+07,1.37998e+07,1.37998e+07,429441,429441,429441,429371,429371,429371,9.83239e+07,9.83239e+07,9.83239e+07,443.516,443.516,443.516,526.18,526.18,526.18
865,634660,634660,634660,63316.4,63316.4,63316.4,65754.8,65754.8,65754.8,1.32723e+07,1.32723e+07,1.32723e+07,1.38012e+07,1.38012e+07,1.38012e+07,429400,429400,429400,429331,429331,429331,9.83216e+07,9.83216e+07,9.83216e+07,443.479,443.479,443.479,526.139,526.139,526.139
866,634841,634841,634841,63322.5,63322.5,63322.5,65761.3,65761.3,65761.3,1.32737e+07,1.32737e+07,1.32737e+07,1.38027e+07,1.38027e+07,1.38027e+07,429366,429366,429366,429297,429297,429297,9.83191e+07,9.83191e+07,9.83191e+07,443.451,443.451,443.451,526.106,526.106,526.106
867,635020,635020,635020,63329.3,63329.3,63329.3,65768.5,65768.5,65768.5,1.32751e+07,1.32751e+07,1.32751e+07,1.38042e+07,1.38042e+07,1.38042e+07,429340,429340,429340,429272,429272,429272,9.83166e+07,9.83166e+07,9.83166e+07,443.43,443.43,443.43,526.083,526.083,526.083
868,635192,635192,635192,63336.8,63336.8,63336.8,65776.4,65776.4,65776.4,1.32766e+07,1.32766e+07,1.32766e+07,1.38058e+07,1.38058e+07,1.38058e+07,429323,429323,429323,429255,429255,429255,9.83141e+07,9.83141e+07,9.83141e+07,443.417,443.417,443.417,526.068,526.068,526.068
869,635356,635356,635356,63344.9,63344.9,63344.9,65784.8,65784.8,65784.8,1.32781e+07,1.32781e+07,1.32781e+07,1.38073e+07,1.38073e+07,1.38073e+07,429315,429315,429315,429246,429246,429246,9.83115e+07,9.83115e+07,9.83115e+07,443.413,443.413,443.413,526.063,526.063,526.063
870,635510,635510,635510,63353.5,63353.5,63353.5,65793.6,65793.6,65793.6,1.32795e+07,1.32795e+07,1.32795e+07,1.38088e+07,1.38088e+07,1.38088e+07,429316,429316,429316,429246,429246,429246,9.8309e+07,9.8309e+07,9.8309e+07,443.417,443.417,443.417,526.068,526.068,526.068
871,635651,635651,635651,63362.3,63362.3,63362.3,65802.7,65802.7,65802.7,1.32809e+07,1.32809e+07,1.32809e+07,1.38103e+07,1.38103e+07,1.38103e+07,429326,429326,429326,429255,429255,429255,9.83066e+07,9.83066e+07,9.83066e+07,443.43,443.43,443.43,526.082,526.082,526.082
872,635777,635777,635777,63371.4,63371.4,63371.4,65812,65812,65812,1.32823e+07,1.32823e+07,1.32823e+07,1.38117e+07,1.38117e+07,1.38117e+07,429345,429345,429345,429272,429272,429272,9.83043e+07,9.83043e+07,9.83043e+07,443.451,443.451,443.451,526.105,526.105,526.105
873,635887,635887,635887,63380.6,63380.6,63380.6,65821.3,65821.3,65821.3,1.32836e+07,1.32836e+07,1.32836e+07,1.38131e+07,1.38131e+07,1.38131e+07,429372,429372,429372,429298,429298,429298,9.83023e+07,9.83023e+07,9.83023e+07,443.48,443.48,443.48,526.138,526.138,526.138
874,635978,635978,635978,63389.7,63389.7,63389.7,65830.5,65830.5,65830.5,1.32848e+07,1.32848e+07,1.32848e+07,1.38143e+07,1.38143e+07,1.38143e+07,429408,429408,429408,429331,429331,429331,9.83004e+07,9.83004e+07,9.83004e+07,443.516,443.516,443.516,526.179,526.179,526.179
875,636050,636050,636050,63398.7,63398.7,63398.7,65839.4,65839.4,65839.4,1.32858e+07,1.32858e+07,1.32858e+07,1.38154e+07,1.38154e+07,1.38154e+07,429452,429452,429452,429373,429373,429373,9.82988e+07,9.82988e+07,9.82988e+07,443.56,443.56,443.56,526.229,526.229,526.229
876,636102,636102,636102,63407.4,63407.4,63407.4,65848.1,65848.1,65848.1,1.32868e+07,1.32868e+07,1.32868e+07,1.38164e+07,1.38164e+07,1.38164e+07,429503,429503,429503,429421,429421,429421,9.82975e+07,9.82975e+07,9.82975e+07,443.611,443.611,443.611,526.285,526.285,526.285
877,636133,636133,636133,63415.6,63415.6,63415.6,65856.2,65856.2,65856.2,1.32876e+07,1.32876e+07,1.32876e+07,1.38172e+07,1.38172e+07,1.38172e+07,429560,429560,429560,429475,429475,429475,9.82965e+07,9.82965e+07,9.82965e+07,443.667,443.667,443.667,526.349,526.349,526.349
878,636142,636142,636142,63423.4,63423.4,63423.4,65863.8,65863.8,65863.8,1.32882e+07,1.32882e+07,1.32882e+07,1.38179e+07,1.38179e+07,1.38179e+07,429623,429623,429623,429535,429535,429535,9.82958e+07,9.82958e+07,9.82958e+07,443.729,443.729,443.729,526.418,526.418,526.418
879,636130,636130,636130,63430.5,63430.5,63430.5,65870.7,65870.7,65870.7,1.32887e+07,1.32887e+07,1.32887e+07,1.38184e+07,1.38184e+07,1.38184e+07,429691,429691,429691,429600,429600,429600,9.82955e+07,9.82955e+07,9.82955e+07,443.794,443.794,443.794,526.492,526.492,526.492
880,636097,636097,636097,63436.8,63436.8,63436.8,65876.8,65876.8,65876.8,1.3289e+07,1.3289e+07,1.3289e+07,1.38187e+07,1.38187e+07,1.38187e+07,429762,429762,429762,429668,429668,429668,9.82955e+07,9.82955e+07,9.82955e+07,443.863,443.863,443.863,526.57,526.57,526.57
881,636043,636043,636043,63442.4,63442.4,63442.4,65882,65882,65882,1.32892e+07,1.32892e+07,1.32892e+07,1.38189e+07,1.38189e+07,1.38189e+07,429837,429837,429837,429740,429740,429740,9.82959e+07,9.82959e+07,9.82959e+07,443.934,443.934,443.934,526.65,526.65,526.65
882,635969,635969,635969,63447,63447,63447,65886.3,65886.3,65886.3,1.32892e+07,1.32892e+07,1.32892e+07,1.38189e+07,1.38189e+07,1.38189e+07,429913,429913,429913,429813,429813,429813,9.82967e+07,9.82967e+07,9.82967e+07,444.007,444.007,444.007,526.732,526.732,526.732
883,635876,635876,635876,63450.7,63450.7,63450.7,65889.6,65889.6,65889.6,1.3289e+07,1.3289e+07,1.3289e+07,1.38187e+07,1.38187e+07,1.38187e+07,429990,429990,429990,429887,429887,429887,9.82979e+07,9.82979e+07,9.82979e+07,444.08,444.08,444.08,526.815,526.815,526.815
884,635767,635767,635767,63453.4,63453.4,63453.4,65891.9,65891.9,65891.9,1.32886e+07,1.32886e+07,1.32886e+07,1.38183e+07,1.38183e+07,1.38183e+07,430067,430067,430067,429961,429961,429961,9.82995e+07,9.82995e+07,9.82995e+07,444.152,444.152,444.152,526.896,526.896,526.896
885,635641,635641,635641,63455,63455,63455,65893.1,65893.1,65893.1,1.32881e+07,1.32881e+07,1.32881e+07,1.38178e+07,1.38178e+07,1.38178e+07,430142,430142,430142,430033,430033,430033,9.83014e+07,9.83014e+07,9.83014e+07,444.222,444.222,444.222,526.976,526.976,526.976
886,635503,635503,635503,63455.6,63455.6,63455.6,65893.2,65893.2,65893.2,1.32875e+07,1.32875e+07,1.32875e+07,1.38171e+07,1.38171e+07,1.38171e+07,430215,430215,430215,430103,430103,430103,9.83037e+07,9.83037e+07,9.83037e+07,444.29,444.29,444.29,527.053,527.053,527.053
887,635352,635352,635352,63455.1,63455.1,63455.1,65892.3,65892.3,65892.3,1.32867e+07,1.32867e+07,1.32867e+07,1.38162e+07,1.38162e+07,1.38162e+07,430284,430284,430284,430170,430170,430170,9.83062e+07,9.83062e+07,9.83062e+07,444.354,444.354,444.354,527.125,527.125,527.125
888,635193,635193,635193,63453.6,63453.6,63453.6,65890.3,65890.3,65890.3,1.32858e+07,1.32858e+07,1.32858e+07,1.38153e+07,1.38153e+07,1.38153e+07,430348,430348,430348,430233,430233,430233,9.83091e+07,9.83091e+07,9.83091e+07,444.413,444.413,444.413,527.193,527.193,527.193
889,635026,635026,635026,63451.1,63451.1,63451.1,65887.4,65887.4,65887.4,1.32848e+07,1.32848e+07,1.32848e+07,1.38142e+07,1.38142e+07,1.38142e+07,430408,430408,430408,430291,430291,430291,9.83122e+07,9.83122e+07,9.83122e+07,444.467,444.467,444.467,527.254,527.254,527.254
890,634856,634856,634856,63447.6,63447.6,63447.6,65883.5,65883.5,65883.5,1.32837e+07,1.32837e+07,1.32837e+07,1.3813e+07,1.3813e+07,1.3813e+07,430461,430461,430461,430342,430342,430342,9.83156e+07,9.83156e+07,9.83156e+07,444.515,444.515,444.515,527.308,527.308,527.308
891,634683,634683,634683,63443.3,63443.3,63443.3,65878.7,65878.7,65878.7,1.32825e+07,1.32825e+07,1.32825e+07,1.38118e+07,1.38118e+07,1.38118e+07,430507,430507,430507,430387,430387,430387,9.83191e+07,9.83191e+07,9.83191e+07,444.556,444.556,444.556,527.355,527.355,527.355
892,634512,634512,634512,63438,63438,63438,65873,65873,65873,1.32812e+07,1.32812e+07,1.32812e+07,1.38104e+07,1.38104e+07,1.38104e+07,430545,430545,430545,430425,430425,430425,9.83228e+07,9.83228e+07,9.83228e+07,444.59,444.59,444.59,527.394,527.394,527.394
893,634343,634343,634343,63432.1,63432.1,63432.1,65866.7,65866.7,65866.7,1.32799e+07,1.32799e+07,1.32799e+07,1.38091e+07,1.38091e+07,1.38091e+07,430575,430575,430575,430455,430455,430455,9.83266e+07,9.83266e+07,9.83266e+07,444.616,444.616,444.616,527.424,527.424,527.424
894,634181,634181,634181,63425.4,63425.4,63425.4,65859.8,65859.8,65859.8,1.32786e+07,1.32786e+07,1.32786e+07,1.38077e+07,1.38077e+07,1.38077e+07,430597,430597,430597,430478,430478,430478,9.83305e+07,9.83305e+07,9.83305e+07,444.634,444.634,444.634,527.444,527.444,527.444
895,634028,634028,634028,63418.3,63418.3,63418.3,65852.3,65852.3,65852.3,1.32773e+07,1.32773e+07,1.32773e+07,1.38063e+07,1.38063e+07,1.38063e+07,430611,430611,430611,430491,430491,430491,9.83344e+07,9.83344e+07,9.83344e+07,444.643,444.643,444.643,527.456,527.456,527.456
896,633884,633884,633884,63410.7,63410.7,63410.7,65844.5,65844.5,65844.5,1.3276e+07,1.3276e+07,1.3276e+07,1.3805e+07,1.3805e+07,1.3805e+07,430615,430615,430615,430496,430496,430496,9.83382e+07,9.83382e+07,9.83382e+07,444.644,444.644,444.644,527.458,527.458,527.458
897,633754,633754,633754,63402.7,63402.7,63402.7,65836.4,65836.4,65836.4,1.32748e+07,1.32748e+07,1.32748e+07,1.38037e+07,1.38037e+07,1.38037e+07,430610,430610,430610,430493,430493,430493,9.8342e+07,9.8342e+07,9.8342e+07,444.637,444.637,444.637,527.45,527.45,527.45
898,633639,633639,633639,63394.6,63394.6,63394.6,65828.1,65828.1,65828.1,1.32736e+07,1.32736e+07,1.32736e+07,1.38025e+07,1.38025e+07,1.38025e+07,430597,430597,430597,430481,430481,430481,9.83457e+07,9.83457e+07,9.83457e+07,444.622,444.622,444.622,527.433,527.433,527.433
899,633540,633540,633540,63386.4,63386.4,63386.4,65819.9,65819.9,65819.9,1.32725e+07,1.32725e+07,1.32725e+07,1.38013e+07,1.38013e+07,1.38013e+07,430575,430575,430575,430461,430461,430461,9.83492e+07,9.83492e+07,9.83492e+07,444.599,444.599,444.599,527.408,527.408,527.408
900,633459,633459,633459,63378.3,63378.3,63378.3,65811.7,65811.7,65811.7,1.32715e+07,1.32715e+07,1.32715e+07,1.38003e+07,1.38003e+07,1.38003e+07,430545,430545,430545,430433,430433,430433,9.83525e+07,9.83525e+07,9.83525e+07,444.568,444.568,444.568,527.374,527.374,527.374
901,633398,633398,633398,63370.4,63370.4,63370.4,65803.8,65803.8,65803.8,1.32707e+07,1.32707e+07,1.32707e+07,1.37994e+07,1.37994e+07,1.37994e+07,430507,430507,430507,430398,430398,430398,9.83556e+07,9.83556e+07,9.83556e+07,444.53,444.53,444.53,527.331,527.331,527.331
902,633357,633357,633357,63362.8,63362.8,63362.8,65796.3,65796.3,65796.3,1.32699e+07,1.32699e+07,1.32699e+07,1.37986e+07,1.37986e+07,1.37986e+07,430462,430462,430462,430356,430356,430356,9.83584e+07,9.83584e+07,9.83584e+07,444.486,444.486,444.486,527.282,527.282,527.282
903,633336,633336,633336,63355.6,63355.6,63355.6,65789.3,65789.3,65789.3,1.32693e+07,1.32693e+07,1.32693e+07,1.37979e+07,1.37979e+07,1.37979e+07,430411,430411,430411,430308,430308,430308,9.8361e+07,9.8361e+07,9.8361e+07,444.436,444.436,444.436,527.226,527.226,527.226
904,633338,633338,633338,63348.9,63348.9,63348.9,65782.8,65782.8,65782.8,1.32689e+07,1.32689e+07,1.32689e+07,1.37975e+07,1.37975e+07,1.37975e+07,430355,430355,430355,430254,430254,430254,9.83632e+07,9.83632e+07,9.83632e+07,444.381,444.381,444.381,527.165,527.165,527.165
905,633360,633360,633360,63342.9,63342.9,63342.9,65777.1,65777.1,65777.1,1.32686e+07,1.32686e+07,1.32686e+07,1.37972e+07,1.37972e+07,1.37972e+07,430293,430293,430293,430196,430196,430196,9.83651e+07,9.83651e+07,9.83651e+07,444.322,444.322,444.322,527.099,527.099,527.099
906,633404,633404,633404,63337.7,63337.7,63337.7,65772.1,65772.1,65772.1,1.32684e+07,1.32684e+07,1.32684e+07,1.3797e+07,1.3797e+07,1.3797e+07,430228,430228,430228,430134,430134,430134,9.83667e+07,9.83667e+07,9.83667e+07,444.26,444.26,444.26,527.029,527.029,527.029
907,633469,633469,633469,63333.2,63333.2,63333.2,65768.1,65768.1,65768.1,1.32685e+07,1.32685e+07,1.32685e+07,1.37971e+07,1.37971e+07,1.37971e+07,430160,430160,430160,430069,430069,430069,9.83679e+07,9.83679e+07,9.83679e+07,444.196,444.196,444.196,526.957,526.957,526.957
908,633554,633554,633554,63329.7,63329.7,63329.7,65764.9,65764.9,65764.9,1.32687e+07,1.32687e+07,1.32687e+07,1.37973e+07,1.37973e+07,1.37973e+07,430090,430090,430090,430002,430002,430002,9.83688e+07,9.83688e+07,9.83688e+07,444.13,444.13,444.13,526.883,526.883,526.883
909,633657,633657,633657,63327.1,63327.1,63327.1,65762.8,65762.8,65762.8,1.32691e+07,1.32691e+07,1.32691e+07,1.37978e+07,1.37978e+07,1.37978e+07,430020,430020,430020,429935,429935,429935,9.83693e+07,9.83693e+07,9.83693e+07,444.064,444.064,444.064,526.809,526.809,526.809
910,633778,633778,633778,63325.6,63325.6,63325.6,65761.7,65761.7,65761.7,1.32696e+07,1.32696e+07,1.32696e+07,1.37983e+07,1.37983e+07,1.37983e+07,429950,429950,429950,429868,429868,429868,9.83694e+07,9.83694e+07,9.83694e+07,443.999,443.999,443.999,526.736,526.736,526.736
911,633914,633914,633914,63325.1,63325.1,63325.1,65761.6,65761.6,65761.6,1.32703e+07,1.32703e+07,1.32703e+07,1.37991e+07,1.37991e+07,1.37991e+07,429882,429882,429882,429802,429802,429802,9.83692e+07,9.83692e+07,9.83692e+07,443.936,443.936,443.936,526.664,526.664,526.664
912,634065,634065,634065,63325.6,63325.6,63325.6,65762.7,65762.7,65762.7,1.32712e+07,1.32712e+07,1.32712e+07,1.38e+07,1.38e+07,1.38e+07,429816,429816,429816,429739,429739,429739,9.83687e+07,9.83687e+07,9.83687e+07,443.876,443.876,443.876,526.596,526.596,526.596
913,634227,634227,634227,63327.2,63327.2,63327.2,65764.8,65764.8,65764.8,1.32722e+07,1.32722e+07,1.32722e+07,1.38011e+07,1.38011e+07,1.38011e+07,429753,429753,429753,429679,429679,429679,9.83679e+07,9.83679e+07,9.83679e+07,443.819,443.819,443.819,526.532,526.532,526.532
914,634399,634399,634399,63329.9,63329.9,63329.9,65767.9,65767.9,65767.9,1.32733e+07,1.32733e+07,1.32733e+07,1.38023e+07,1.38023e+07,1.38023e+07,429695,429695,429695,429623,429623,429623,9.83669e+07,9.83669e+07,9.83669e+07,443.766,443.766,443.766,526.473,526.473,526.473
915,634578,634578,634578,63333.5,63333.5,63333.5,65772.1,65772.1,65772.1,1.32746e+07,1.32746e+07,1.32746e+07,1.38036e+07,1.38036e+07,1.38036e+07,429643,429643,429643,429572,429572,429572,9.83656e+07,9.83656e+07,9.83656e+07,443.719,443.719,443.719,526.42,526.42,526.42
916,634762,634762,634762,63338.2,63338.2,63338.2,65777.2,65777.2,65777.2,1.32759e+07,1.32759e+07,1.32759e+07,1.3805e+07,1.3805e+07,1.3805e+07,429596,429596,429596,429527,429527,429527,9.8364e+07,9.8364e+07,9.8364e+07,443.678,443.678,443.678,526.374,526.374,526.374
917,634948,634948,634948,63343.7,63343.7,63343.7,65783.3,65783.3,65783.3,1.32774e+07,1.32774e+07,1.32774e+07,1.38065e+07,1.38065e+07,1.38065e+07,429557,429557,429557,429488,429488,429488,9.83623e+07,9.83623e+07,9.83623e+07,443.644,443.644,443.644,526.336,526.336,526.336
918,635134,635134,635134,63350.2,63350.2,63350.2,65790.1,65790.1,65790.1,1.32789e+07,1.32789e+07,1.32789e+07,1.38081e+07,1.38081e+07,1.38081e+07,429525,429525,429525,429457,429457,429457,9.83605e+07,9.83605e+07,9.83605e+07,443.618,443.618,443.618,526.306,526.306,526.306
919,635317,635317,635317,63357.4,63357.4,63357.4,65797.8,65797.8,65797.8,1.32804e+07,1.32804e+07,1.32804e+07,1.38097e+07,1.38097e+07,1.38097e+07,429501,429501,429501,429434,429434,429434,9.83586e+07,9.83586e+07,9.83586e+07,443.599,443.599,443.599,526.284,526.284,526.284
920,635495,635495,635495,63365.3,63365.3,63365.3,65806,65806,65806,1.3282e+07,1.3282e+07,1.3282e+07,1.38113e+07,1.38113e+07,1.38113e+07,429486,429486,429486,429418,429418,429418,9.83567e+07,9.83567e+07,9.83567e+07,443.588,443.588,443.588,526.272,526.272,526.272
921,635664,635664,635664,63373.7,63373.7,63373.7,65814.9,65814.9,65814.9,1.32835e+07,1.32835e+07,1.32835e+07,1.3813e+07,1.3813e+07,1.3813e+07,429480,429480,429480,429412,429412,429412,9.83547e+07,9.83547e+07,9.83547e+07,443.586,443.586,443.586,526.269,526.269,526.269
922,635824,635824,635824,63382.7,63382.7,63382.7,65824.1,65824.1,65824.1,1.32851e+07,1.32851e+07,1.32851e+07,1.38146e+07,1.38146e+07,1.38146e+07,429482,429482,429482,429413,429413,429413,9.83528e+07,9.83528e+07,9.83528e+07,443.592,443.592,443.592,526.276,526.276,526.276
923,635970,635970,635970,63392,63392,63392,65833.6,65833.6,65833.6,1.32866e+07,1.32866e+07,1.32866e+07,1.38162e+07,1.38162e+07,1.38162e+07,429494,429494,429494,429424,429424,429424,9.8351e+07,9.8351e+07,9.8351e+07,443.606,443.606,443.606,526.293,526.293,526.293
924,636103,636103,636103,63401.5,63401.5,63401.5,65843.3,65843.3,65843.3,1.3288e+07,1.3288e+07,1.3288e+07,1.38177e+07,1.38177e+07,1.38177e+07,429514,429514,429514,429443,429443,429443,9.83493e+07,9.83493e+07,9.83493e+07,443.629,443.629,443.629,526.318,526.318,526.318
925,636219,636219,636219,63411.1,63411.1,63411.1,65853.1,65853.1,65853.1,1.32894e+07,1.32894e+07,1.32894e+07,1.38191e+07,1.38191e+07,1.38191e+07,429544,429544,429544,429470,429470,429470,9.83478e+07,9.83478e+07,9.83478e+07,443.66,443.66,443.66,526.353,526.353,526.353
926,636317,636317,636317,63420.7,63420.7,63420.7,65862.8,65862.8,65862.8,1.32906e+07,1.32906e+07,1.32906e+07,1.38204e+07,1.38204e+07,1.38204e+07,429581,429581,429581,429505,429505,429505,9.83464e+07,9.83464e+07,9.83464e+07,443.699,443.699,443.699,526.397,526.397,526.397
927,636396,636396,636396,63430.1,63430.1,63430.1,65872.2,65872.2,65872.2,1.32918e+07,1.32918e+07,1.32918e+07,1.38217e+07,1.38217e+07,1.38217e+07,429627,429627,429627,429548,429548,429548,9.83454e+07,9.83454e+07,9.83454e+07,443.745,443.745,443.745,526.449,526.449,526.449
928,636454,636454,636454,63439.3,63439.3,63439.3,65881.4,65881.4,65881.4,1.32928e+07,1.32928e+07,1.32928e+07,1.38227e+07,1.38227e+07,1.38227e+07,429679,429679,429679,429598,429598,429598,9.83446e+07,9.83446e+07,9.83446e+07,443.798,443.798,443.798,526.508,526.508,526.508
929,636492,636492,636492,63448.1,63448.1,63448.1,65890,65890,65890,1.32937e+07,1.32937e+07,1.32937e+07,1.38237e+07,1.38237e+07,1.38237e+07,429739,429739,429739,429655,429655,429655,9.83441e+07,9.83441e+07,9.83441e+07,443.856,443.856,443.856,526.575,526.575,526.575
930,636508,636508,636508,63456.3,63456.3,63456.3,65898.1,65898.1,65898.1,1.32945e+07,1.32945e+07,1.32945e+07,1.38244e+07,1.38244e+07,1.38244e+07,429804,429804,429804,429717,429717,429717,9.83439e+07,9.83439e+07,9.83439e+07,443.92,443.92,443.92,526.647,526.647,526.647
931,636503,636503,636503,63463.9,63463.9,63463.9,65905.6,65905.6,65905.6,1.32951e+07,1.32951e+07,1.32951e+07,1.3825e+07,1.3825e+07,1.3825e+07,429874,429874,429874,429784,429784,429784,9.83441e+07,9.83441e+07,9.83441e+07,443.988,443.988,443.988,526.723,526.723,526.723
932,636476,636476,636476,63470.8,63470.8,63470.8,65912.2,65912.2,65912.2,1.32955e+07,1.32955e+07,1.32955e+07,1.38255e+07,1.38255e+07,1.38255e+07,429948,429948,429948,429855,429855,429855,9.83447e+07,9.83447e+07,9.83447e+07,444.059,444.059,444.059,526.804,526.804,526.804
933,636428,636428,636428,63476.9,63476.9,63476.9,65918,65918,65918,1.32958e+07,1.32958e+07,1.32958e+07,1.38257e+07,1.38257e+07,1.38257e+07,430025,430025,430025,429929,429929,429929,9.83456e+07,9.83456e+07,9.83456e+07,444.133,444.133,444.133,526.888,526.888,526.888
934,636361,636361,636361,63482.1,63482.1,63482.1,65922.9,65922.9,65922.9,1.32958e+07,1.32958e+07,1.32958e+07,1.38258e+07,1.38258e+07,1.38258e+07,430104,430104,430104,430005,430005,430005,9.83469e+07,9.83469e+07,9.83469e+07,444.209,444.209,444.209,526.973,526.973,526.973
935,636274,636274,636274,63486.3,63486.3,63486.3,65926.8,65926.8,65926.8,1.32958e+07,1.32958e+07,1.32958e+07,1.38257e+07,1.38257e+07,1.38257e+07,430184,430184,430184,430081,430081,430081,9.83486e+07,9.83486e+07,9.83486e+07,444.284,444.284,444.284,527.059,527.059,527.059
936,636171,636171,636171,63489.6,63489.6,63489.6,65929.6,65929.6,65929.6,1.32955e+07,1.32955e+07,1.32955e+07,1.38255e+07,1.38255e+07,1.38255e+07,430263,430263,430263,430158,430158,430158,9.83506e+07,9.83506e+07,9.83506e+07,444.359,444.359,444.359,527.144,527.144,527.144
937,636051,636051,636051,63491.8,63491.8,63491.8,65931.4,65931.4,65931.4,1.32951e+07,1.32951e+07,1.32951e+07,1.3825e+07,1.3825e+07,1.3825e+07,430341,430341,430341,430233,430233,430233,9.8353e+07,9.8353e+07,9.8353e+07,444.433,444.433,444.433,527.228,527.228,527.228
938,635917,635917,635917,63492.9,63492.9,63492.9,65932.1,65932.1,65932.1,1.32946e+07,1.32946e+07,1.32946e+07,1.38244e+07,1.38244e+07,1.38244e+07,430417,430417,430417,430307,430307,430307,9.83558e+07,9.83558e+07,9.83558e+07,444.504,444.504,444.504,527.308,527.308,527.308
939,635772,635772,635772,63493,63493,63493,65931.8,65931.8,65931.8,1.32939e+07,1.32939e+07,1.32939e+07,1.38237e+07,1.38237e+07,1.38237e+07,430490,430490,430490,430377,430377,430377,9.83588e+07,9.83588e+07,9.83588e+07,444.571,444.571,444.571,527.385,527.385,527.385
940,635617,635617,635617,63492.1,63492.1,63492.1,65930.4,65930.4,65930.4,1.3293e+07,1.3293e+07,1.3293e+07,1.38228e+07,1.38228e+07,1.38228e+07,430558,430558,430558,430443,430443,430443,9.83622e+07,9.83622e+07,9.83622e+07,444.634,444.634,444.634,527.456,527.456,527.456
941,635454,635454,635454,63490.1,63490.1,63490.1,65927.9,65927.9,65927.9,1.32921e+07,1.32921e+07,1.32921e+07,1.38218e+07,1.38218e+07,1.38218e+07,430620,430620,430620,430504,430504,430504,9.83658e+07,9.83658e+07,9.83658e+07,444.692,444.692,444.692,527.522,527.522,527.522
942,635287,635287,635287,63487.1,63487.1,63487.1,65924.6,65924.6,65924.6,1.32911e+07,1.32911e+07,1.32911e+07,1.38207e+07,1.38207e+07,1.38207e+07,430677,430677,430677,430559,430559,430559,9.83697e+07,9.83697e+07,9.83697e+07,444.743,444.743,444.743,527.58,527.58,527.58
943,635118,635118,635118,63483.2,63483.2,63483.2,65920.3,65920.3,65920.3,1.32899e+07,1.32899e+07,1.32899e+07,1.38195e+07,1.38195e+07,1.38195e+07,430727,430727,430727,430608,430608,430608,9.83737e+07,9.83737e+07,9.83737e+07,444.788,444.788,444.788,527.632,527.632,527.632
944,634950,634950,634950,63478.5,63478.5,63478.5,65915.2,65915.2,65915.2,1.32888e+07,1.32888e+07,1.32888e+07,1.38183e+07,1.38183e+07,1.38183e+07,430769,430769,430769,430649,430649,430649,9.83779e+07,9.83779e+07,9.83779e+07,444.826,444.826,444.826,527.675,527.675,527.675
945,634784,634784,634784,63473,63473,63473,65909.3,65909.3,65909.3,1.32876e+07,1.32876e+07,1.32876e+07,1.3817e+07,1.3817e+07,1.3817e+07,430803,430803,430803,430683,430683,430683,9.83822e+07,9.83822e+07,9.83822e+07,444.855,444.855,444.855,527.709,527.709,527.709
946,634624,634624,634624,63466.9,63466.9,63466.9,65902.9,65902.9,65902.9,1.32863e+07,1.32863e+07,1.32863e+07,1.38157e+07,1.38157e+07,1.38157e+07,430829,430829,430829,430709,430709,430709,9.83865e+07,9.83865e+07,9.83865e+07,444.877,444.877,444.877,527.734,527.734,527.734
947,634472,634472,634472,63460.1,63460.1,63460.1,65895.9,65895.9,65895.9,1.32851e+07,1.32851e+07,1.32851e+07,1.38144e+07,1.38144e+07,1.38144e+07,430846,430846,430846,430727,430727,430727,9.83909e+07,9.83909e+07,9.83909e+07,444.891,444.891,444.891,527.75,527.75,527.75
948,634331,634331,634331,63453,63453,63453,65888.4,65888.4,65888.4,1.32839e+07,1.32839e+07,1.32839e+07,1.38131e+07,1.38131e+07,1.38131e+07,430854,430854,430854,430735,430735,430735,9.83952e+07,9.83952e+07,9.83952e+07,444.896,444.896,444.896,527.756,527.756,527.756
949,634201,634201,634201,63445.4,63445.4,63445.4,65880.7,65880.7,65880.7,1.32827e+07,1.32827e+07,1.32827e+07,1.38119e+07,1.38119e+07,1.38119e+07,430853,430853,430853,430736,430736,430736,9.83995e+07,9.83995e+07,9.83995e+07,444.892,444.892,444.892,527.753,527.753,527.753
950,634087,634087,634087,63437.7,63437.7,63437.7,65872.9,65872.9,65872.9,1.32816e+07,1.32816e+07,1.32816e+07,1.38107e+07,1.38107e+07,1.38107e+07,430843,430843,430843,430728,430728,430728,9.84037e+07,9.84037e+07,9.84037e+07,444.881,444.881,444.881,527.741,527.741,527.741
951,633989,633989,633989,63429.9,63429.9,63429.9,65865,65865,65865,1.32805e+07,1.32805e+07,1.32805e+07,1.38096e+07,1.38096e+07,1.38096e+07,430825,430825,430825,430711,430711,430711,9.84077e+07,9.84077e+07,9.84077e+07,444.861,444.861,444.861,527.719,527.719,527.719
952,633908,633908,633908,63422.1,63422.1,63422.1,65857.2,65857.2,65857.2,1.32796e+07,1.32796e+07,1.32796e+07,1.38086e+07,1.38086e+07,1.38086e+07,430799,430799,430799,430687,430687,430687,9.84116e+07,9.84116e+07,9.84116e+07,444.834,444.834,444.834,527.689,527.689,527.689
953,633847,633847,633847,63414.5,63414.5,63414.5,65849.6,65849.6,65849.6,1.32787e+07,1.32787e+07,1.32787e+07,1.38078e+07,1.38078e+07,1.38078e+07,430764,430764,430764,430655,430655,430655,9.84152e+07,9.84152e+07,9.84152e+07,444.799,444.799,444.799,527.651,527.651,527.651
954,633806,633806,633806,63407.2,63407.2,63407.2,65842.4,65842.4,65842.4,1.3278e+07,1.3278e+07,1.3278e+07,1.3807e+07,1.3807e+07,1.3807e+07,430723,430723,430723,430616,430616,430616,9.84185e+07,9.84185e+07,9.84185e+07,444.759,444.759,444.759,527.606,527.606,527.606
955,633786,633786,633786,63400.3,63400.3,63400.3,65835.7,65835.7,65835.7,1.32775e+07,1.32775e+07,1.32775e+07,1.38064e+07,1.38064e+07,1.38064e+07,430675,430675,430675,430571,430571,430571,9.84216e+07,9.84216e+07,9.84216e+07,444.712,444.712,444.712,527.554,527.554,527.554
956,633787,633787,633787,63393.9,63393.9,63393.9,65829.5,65829.5,65829.5,1.32771e+07,1.32771e+07,1.32771e+07,1.3806e+07,1.3806e+07,1.3806e+07,430621,430621,430621,430521,430521,430521,9.84243e+07,9.84243e+07,9.84243e+07,444.66,444.66,444.66,527.496,527.496,527.496
957,633809,633809,633809,63388.1,63388.1,63388.1,65824,65824,65824,1.32768e+07,1.32768e+07,1.32768e+07,1.38057e+07,1.38057e+07,1.38057e+07,430563,430563,430563,430465,430465,430465,9.84267e+07,9.84267e+07,9.84267e+07,444.604,444.604,444.604,527.433,527.433,527.433
958,633853,633853,633853,63383.1,63383.1,63383.1,65819.3,65819.3,65819.3,1.32767e+07,1.32767e+07,1.32767e+07,1.38056e+07,1.38056e+07,1.38056e+07,430500,430500,430500,430406,430406,430406,9.84288e+07,9.84288e+07,9.84288e+07,444.545,444.545,444.545,527.367,527.367,527.367
959,633918,633918,633918,63378.9,63378.9,63378.9,65815.4,65815.4,65815.4,1.32768e+07,1.32768e+07,1.32768e+07,1.38057e+07,1.38057e+07,1.38057e+07,430435,430435,430435,430344,430344,430344,9.84305e+07,9.84305e+07,9.84305e+07,444.483,444.483,444.483,527.298,527.298,527.298
960,634003,634003,634003,63375.6,63375.6,63375.6,65812.5,65812.5,65812.5,1.3277e+07,1.3277e+07,1.3277e+07,1.3806e+07,1.3806e+07,1.3806e+07,430368,430368,430368,430280,430280,430280,9.84319e+07,9.84319e+07,9.84319e+07,444.42,444.42,444.42,527.227,527.227,527.227
961,634106,634106,634106,63373.2,63373.2,63373.2,65810.5,65810.5,65810.5,1.32775e+07,1.32775e+07,1.32775e+07,1.38065e+07,1.38065e+07,1.38065e+07,430300,430300,430300,430215,430215,430215,9.84328e+07,9.84328e+07,9.84328e+07,444.357,444.357,444.357,527.155,527.155,527.155
962,634228,634228,634228,63371.8,63371.8,63371.8,65809.6,65809.6,65809.6,1.32781e+07,1.32781e+07,1.32781e+07,1.38071e+07,1.38071e+07,1.38071e+07,430232,430232,430232,430150,430150,430150,9.84335e+07,9.84335e+07,9.84335e+07,444.294,444.294,444.294,527.085,527.085,527.085
963,634365,634365,634365,63371.5,63371.5,63371.5,65809.7,65809.7,65809.7,1.32788e+07,1.32788e+07,1.32788e+07,1.38079e+07,1.38079e+07,1.38079e+07,430165,430165,430165,430086,430086,430086,9.84338e+07,9.84338e+07,9.84338e+07,444.232,444.232,444.232,527.016,527.016,527.016
964,634516,634516,634516,63372.2,63372.2,63372.2,65811,65811,65811,1.32797e+07,1.32797e+07,1.32797e+07,1.38088e+07,1.38088e+07,1.38088e+07,430101,430101,430101,430024,430024,430024,9.84337e+07,9.84337e+07,9.84337e+07,444.174,444.174,444.174,526.95,526.95,526.95
965,634680,634680,634680,63374,63374,63374,65813.2,65813.2,65813.2,1.32807e+07,1.32807e+07,1.32807e+07,1.38099e+07,1.38099e+07,1.38099e+07,430040,430040,430040,429966,429966,429966,9.84334e+07,9.84334e+07,9.84334e+07,444.118,444.118,444.118,526.888,526.888,526.888
966,634853,634853,634853,63376.8,63376.8,63376.8,65816.6,65816.6,65816.6,1.32819e+07,1.32819e+07,1.32819e+07,1.38112e+07,1.38112e+07,1.38112e+07,429984,429984,429984,429911,429911,429911,9.84328e+07,9.84328e+07,9.84328e+07,444.067,444.067,444.067,526.831,526.831,526.831
967,635034,635034,635034,63380.6,63380.6,63380.6,65820.9,65820.9,65820.9,1.32832e+07,1.32832e+07,1.32832e+07,1.38125e+07,1.38125e+07,1.38125e+07,429933,429933,429933,429862,429862,429862,9.84319e+07,9.84319e+07,9.84319e+07,444.022,444.022,444.022,526.779,526.779,526.779
968,635221,635221,635221,63385.5,63385.5,63385.5,65826.3,65826.3,65826.3,1.32846e+07,1.32846e+07,1.32846e+07,1.3814e+07,1.3814e+07,1.3814e+07,429887,429887,429887,429818,429818,429818,9.84309e+07,9.84309e+07,9.84309e+07,443.982,443.982,443.982,526.735,526.735,526.735
969,635410,635410,635410,63391.2,63391.2,63391.2,65832.5,65832.5,65832.5,1.32861e+07,1.32861e+07,1.32861e+07,1.38156e+07,1.38156e+07,1.38156e+07,429849,429849,429849,429780,429780,429780,9.84296e+07,9.84296e+07,9.84296e+07,443.949,443.949,443.949,526.698,526.698,526.698
970,635598,635598,635598,63397.8,63397.8,63397.8,65839.6,65839.6,65839.6,1.32876e+07,1.32876e+07,1.32876e+07,1.38172e+07,1.38172e+07,1.38172e+07,429818,429818,429818,429750,429750,429750,9.84282e+07,9.84282e+07,9.84282e+07,443.924,443.924,443.924,526.669,526.669,526.669
971,635785,635785,635785,63405.3,63405.3,63405.3,65847.5,65847.5,65847.5,1.32892e+07,1.32892e+07,1.32892e+07,1.38188e+07,1.38188e+07,1.38188e+07,429795,429795,429795,429728,429728,429728,9.84267e+07,9.84267e+07,9.84267e+07,443.906,443.906,443.906,526.649,526.649,526.649
972,635966,635966,635966,63413.4,63413.4,63413.4,65856,65856,65856,1.32908e+07,1.32908e+07,1.32908e+07,1.38205e+07,1.38205e+07,1.38205e+07,429781,429781,429781,429713,429713,429713,9.84251e+07,9.84251e+07,9.84251e+07,443.896,443.896,443.896,526.638,526.638,526.638
973,636139,636139,636139,63422.1,63422.1,63422.1,65865,65865,65865,1.32924e+07,1.32924e+07,1.32924e+07,1.38222e+07,1.38222e+07,1.38222e+07,429775,429775,429775,429707,429707,429707,9.84236e+07,9.84236e+07,9.84236e+07,443.895,443.895,443.895,526.636,526.636,526.636
974,636303,636303,636303,63431.2,63431.2,63431.2,65874.5,65874.5,65874.5,1.3294e+07,1.3294e+07,1.3294e+07,1.38239e+07,1.38239e+07,1.38239e+07,429779,429779,429779,429710,429710,429710,9.8422e+07,9.8422e+07,9.8422e+07,443.902,443.902,443.902,526.644,526.644,526.644
975,636454,636454,636454,63440.8,63440.8,63440.8,65884.3,65884.3,65884.3,1.32956e+07,1.32956e+07,1.32956e+07,1.38255e+07,1.38255e+07,1.38255e+07,429791,429791,429791,429721,429721,429721,9.84206e+07,9.84206e+07,9.84206e+07,443.917,443.917,443.917,526.662,526.662,526.662
976,636591,636591,636591,63450.6,63450.6,63450.6,65894.3,65894.3,65894.3,1.32971e+07,1.32971e+07,1.32971e+07,1.38271e+07,1.38271e+07,1.38271e+07,429812,429812,429812,429741,429741,429741,9.84192e+07,9.84192e+07,9.84192e+07,443.941,443.941,443.941,526.689,526.689,526.689
977,636712,636712,636712,63460.5,63460.5,63460.5,65904.4,65904.4,65904.4,1.32985e+07,1.32985e+07,1.32985e+07,1.38286e+07,1.38286e+07,1.38286e+07,429842,429842,429842,429769,429769,429769,9.84181e+07,9.84181e+07,9.84181e+07,443.973,443.973,443.973,526.725,526.725,526.725
978,636815,636815,636815,63470.4,63470.4,63470.4,65914.4,65914.4,65914.4,1.32999e+07,1.32999e+07,1.32999e+07,1.383e+07,1.383e+07,1.383e+07,429880,429880,429880,429805,429805,429805,9.84171e+07,9.84171e+07,9.84171e+07,444.013,444.013,444.013,526.77,526.77,526.77
979,636899,636899,636899,63480.1,63480.1,63480.1,65924.2,65924.2,65924.2,1.33011e+07,1.33011e+07,1.33011e+07,1.38313e+07,1.38313e+07,1.38313e+07,429927,429927,429927,429849,429849,429849,9.84163e+07,9.84163e+07,9.84163e+07,444.06,444.06,444.06,526.823,526.823,526.823
980,636963,636963,636963,63489.6,63489.6,63489.6,65933.7,65933.7,65933.7,1.33022e+07,1.33022e+07,1.33022e+07,1.38325e+07,1.38325e+07,1.38325e+07,429980,429980,429980,429900,429900,429900,9.84159e+07,9.84159e+07,9.84159e+07,444.113,444.113,444.113,526.884,526.884,526.884
981,637006,637006,637006,63498.7,63498.7,63498.7,65942.7,65942.7,65942.7,1.33032e+07,1.33032e+07,1.33032e+07,1.38335e+07,1.38335e+07,1.38335e+07,430041,430041,430041,429957,429957,429957,9.84157e+07,9.84157e+07,9.84157e+07,444.173,444.173,444.173,526.951,526.951,526.951
982,637028,637028,637028,63507.3,63507.3,63507.3,65951.2,65951.2,65951.2,1.3304e+07,1.3304e+07,1.3304e+07,1.38343e+07,1.38343e+07,1.38343e+07,430107,430107,430107,430021,430021,430021,9.84158e+07,9.84158e+07,9.84158e+07,444.238,444.238,444.238,527.025,527.025,527.025
983,637028,637028,637028,63515.3,63515.3,63515.3,65959,65959,65959,1.33046e+07,1.33046e+07,1.33046e+07,1.3835e+07,1.3835e+07,1.3835e+07,430178,430178,430178,430089,430089,430089,9.84163e+07,9.84163e+07,9.84163e+07,444.307,444.307,444.307,527.103,527.103,527.103
984,637006,637006,637006,63522.6,63522.6,63522.6,65966,65966,65966,1.33051e+07,1.33051e+07,1.33051e+07,1.38355e+07,1.38355e+07,1.38355e+07,430254,430254,430254,430161,430161,430161,9.84172e+07,9.84172e+07,9.84172e+07,444.38,444.38,444.38,527.186,527.186,527.186
985,636964,636964,636964,63529.1,63529.1,63529.1,65972.2,65972.2,65972.2,1.33055e+07,1.33055e+07,1.33055e+07,1.38358e+07,1.38358e+07,1.38358e+07,430332,430332,430332,430237,430237,430237,9.84184e+07,9.84184e+07,9.84184e+07,444.456,444.456,444.456,527.272,527.272,527.272
986,636901,636901,636901,63534.7,63534.7,63534.7,65977.5,65977.5,65977.5,1.33056e+07,1.33056e+07,1.33056e+07,1.3836e+07,1.3836e+07,1.3836e+07,430413,430413,430413,430314,430314,430314,9.842e+07,9.842e+07,9.842e+07,444.533,444.533,444.533,527.359,527.359,527.359
987,636819,636819,636819,63539.3,63539.3,63539.3,65981.8,65981.8,65981.8,1.33056e+07,1.33056e+07,1.33056e+07,1.3836e+07,1.3836e+07,1.3836e+07,430494,430494,430494,430393,430393,430393,9.84219e+07,9.84219e+07,9.84219e+07,444.611,444.611,444.611,527.447,527.447,527.447
988,636720,636720,636720,63543,63543,63543,65985.1,65985.1,65985.1,1.33054e+07,1.33054e+07,1.33054e+07,1.38358e+07,1.38358e+07,1.38358e+07,430576,430576,430576,430471,430471,430471,9.84243e+07,9.84243e+07,9.84243e+07,444.688,444.688,444.688,527.535,527.535,527.535
989,636604,636604,636604,63545.6,63545.6,63545.6,65987.3,65987.3,65987.3,1.33051e+07,1.33051e+07,1.33051e+07,1.38354e+07,1.38354e+07,1.38354e+07,430656,430656,430656,430549,430549,430549,9.8427e+07,9.8427e+07,9.8427e+07,444.764,444.764,444.764,527.621,527.621,527.621
990,636474,636474,636474,63547.1,63547.1,63547.1,65988.4,65988.4,65988.4,1.33046e+07,1.33046e+07,1.33046e+07,1.38349e+07,1.38349e+07,1.38349e+07,430734,430734,430734,430624,430624,430624,9.843e+07,9.843e+07,9.843e+07,444.837,444.837,444.837,527.704,527.704,527.704
991,636332,636332,636332,63547.6,63547.6,63547.6,65988.5,65988.5,65988.5,1.3304e+07,1.3304e+07,1.3304e+07,1.38342e+07,1.38342e+07,1.38342e+07,430809,430809,430809,430696,430696,430696,9.84333e+07,9.84333e+07,9.84333e+07,444.907,444.907,444.907,527.783,527.783,527.783
992,636180,636180,636180,63547,63547,63547,65987.4,65987.4,65987.4,1.33032e+07,1.33032e+07,1.33032e+07,1.38334e+07,1.38334e+07,1.38334e+07,430879,430879,430879,430765,430765,430765,9.8437e+07,9.8437e+07,9.8437e+07,444.972,444.972,444.972,527.857,527.857,527.857
993,636021,636021,636021,63545.4,63545.4,63545.4,65985.4,65985.4,65985.4,1.33023e+07,1.33023e+07,1.33023e+07,1.38324e+07,1.38324e+07,1.38324e+07,430945,430945,430945,430828,430828,430828,9.84408e+07,9.84408e+07,9.84408e+07,445.032,445.032,445.032,527.926,527.926,527.926
994,635856,635856,635856,63542.9,63542.9,63542.9,65982.4,65982.4,65982.4,1.33013e+07,1.33013e+07,1.33013e+07,1.38314e+07,1.38314e+07,1.38314e+07,431004,431004,431004,430886,430886,430886,9.8445e+07,9.8445e+07,9.8445e+07,445.086,445.086,445.086,527.988,527.988,527.988
995,635689,635689,635689,63539.3,63539.3,63539.3,65978.5,65978.5,65978.5,1.33003e+07,1.33003e+07,1.33003e+07,1.38303e+07,1.38303e+07,1.38303e+07,431056,431056,431056,430937,430937,430937,9.84493e+07,9.84493e+07,9.84493e+07,445.134,445.134,445.134,528.042,528.042,528.042
996,635522,635522,635522,63535,63535,63535,65973.7,65973.7,65973.7,1.32991e+07,1.32991e+07,1.32991e+07,1.38291e+07,1.38291e+07,1.38291e+07,431101,431101,431101,430982,430982,430982,9.84538e+07,9.84538e+07,9.84538e+07,445.174,445.174,445.174,528.088,528.088,528.088
997,635357,635357,635357,63529.8,63529.8,63529.8,65968.2,65968.2,65968.2,1.3298e+07,1.3298e+07,1.3298e+07,1.38278e+07,1.38278e+07,1.38278e+07,431138,431138,431138,431018,431018,431018,9.84583e+07,9.84583e+07,9.84583e+07,445.207,445.207,445.207,528.126,528.126,528.126
998,635198,635198,635198,63523.9,63523.9,63523.9,65962.1,65962.1,65962.1,1.32968e+07,1.32968e+07,1.32968e+07,1.38266e+07,1.38266e+07,1.38266e+07,431167,431167,431167,431047,431047,431047,9.8463e+07,9.8463e+07,9.8463e+07,445.231,445.231,445.231,528.154,528.154,528.154
999,635046,635046,635046,63517.5,63517.5,63517.5,65955.4,65955.4,65955.4,1.32956e+07,1.32956e+07,1.32956e+07,1.38253e+07,1.38253e+07,1.38253e+07,431187,431187,431187,431067,431067,431067,9.84676e+07,9.84676e+07,9.84676e+07,445.248,445.248,445.248,528.173,528.173,528.173
1000,634905,634905,634905,63510.6,63510.6,63510.6,65948.2,65948.2,65948.2,1.32944e+07,1.32944e+07,1.32944e+07,1.38241e+07,1.38241e+07,1.38241e+07,431198,431198,431198,431079,431079,431079,9.84723e+07,9.84723e+07,9.84723e+07,445.255,445.255,445.255,528.183,528.183,528.183
