index,time,SS:Japan__all,IS:Japan__all,SI:Japan__all,RS:Japan__all,SR:Japan__all,IR:Japan__all,RI:Japan__all,RR:Japan__all,obs_mean:EV71_JAP__IASR__inc,obs_mean:CA16_JAP__IASR__inc,obs_real:EV71_JAP__IASR__inc,obs_real:CA16_JAP__IASR__inc
0,0,511875,57972.2,59877,9.08685e+06,9.40475e+06,605192,605099,1.06377e+08,0,0,0,0
0,1,509522,58844.7,60768.7,9.05151e+06,9.36927e+06,614528,614332,1.0643e+08,278.729,649.746,278.729,649.746
0,2,505405,58839,60739.3,9.01177e+06,9.32866e+06,616168,615692,1.0652e+08,281.259,655.43,281.259,655.43
0,3,503477,58224.5,60077.2,8.98669e+06,9.30184e+06,610788,610064,1.06595e+08,280.232,652.728,280.232,652.728
0,4,504964,57542.3,59364.3,8.98424e+06,9.29746e+06,602486,601781,1.06627e+08,276.925,644.873,276.925,644.873
0,5,508808,57181.2,59015.1,8.9999e+06,9.31206e+06,595798,595443,1.06615e+08,273.44,636.944,273.44,636.944
0,6,512900,57261,59146.4,9.02179e+06,9.33446e+06,593420,593598,1.06579e+08,271.443,632.782,271.443,632.782
0,7,515363,57663.1,59612.2,9.03789e+06,9.35258e+06,595492,596113,1.06546e+08,271.524,633.523,271.524,633.523
0,8,515419,58141.1,60130.5,9.04163e+06,9.35894e+06,600132,600856,1.06534e+08,273.203,637.76,273.203,637.76
0,9,513572,58459.7,60442.9,9.03386e+06,9.35306e+06,604668,605075,1.06549e+08,275.378,642.728,275.378,642.728
0,10,511124,58506.7,60441,9.0209e+06,9.3403e+06,607017,606844,1.06582e+08,276.939,645.874,276.939,645.874
0,11,509360,58324.3,60195.2,9.01022e+06,9.32807e+06,606577,605867,1.06617e+08,277.298,646.082,277.298,646.082
0,12,508936,58053.4,59880.7,9.00649e+06,9.32185e+06,604212,603285,1.06641e+08,276.565,643.942,276.565,643.942
0,13,509708,57841.5,59665.6,9.00983e+06,9.32306e+06,601501,600765,1.0665e+08,275.346,641.074,275.346,641.074
0,14,511000,57772.1,59631.7,9.01688e+06,9.32933e+06,599814,599551,1.06648e+08,274.333,639.076,274.333,639.076
0,15,512037,57842.9,59755.7,9.0232e+06,9.33647e+06,599729,599972,1.06641e+08,273.962,638.754,273.962,638.754
0,16,512339,57987.7,59943.4,9.02565e+06,9.34082e+06,600956,601490,1.0664e+08,274.27,639.922,274.27,639.922
0,17,511880,58121,60089.1,9.02371e+06,9.34083e+06,602664,603149,1.06647e+08,274.975,641.709,274.975,641.709
0,18,511007,58182.1,60128.6,9.01909e+06,9.33728e+06,603975,604125,1.06663e+08,275.672,643.127,275.672,643.127
0,19,510192,58158.2,60063.4,9.01452e+06,9.33244e+06,604386,604107,1.06681e+08,276.047,643.577,276.047,643.577
0,20,509772,58079.2,59945.9,9.01211e+06,9.32869e+06,603923,603340,1.06698e+08,276.003,643.065,276.003,643.065
0,21,509826,57993.6,59842.8,9.01246e+06,9.3274e+06,603012,602383,1.0671e+08,275.662,642.07,270.203,642.07
0,22,510191,57940.8,59799.6,9.01471e+06,9.32853e+06,602188,601763,1.06716e+08,275.254,641.199,262.58,641.199
0,23,510599,57935.9,59823.1,9.01729e+06,9.33095e+06,601820,601720,1.0672e+08,274.986,640.864,280.888,640.864
0,24,510827,57968.1,59886.6,9.01885e+06,9.33327e+06,601980,602159,1.06724e+08,274.951,641.121,259.933,632.398
0,25,510795,58012.4,59949.8,9.01885e+06,9.33448e+06,602482,602765,1.0673e+08,275.116,641.721,252.711,657.094
0,26,510569,58044.5,59980.9,9.01771e+06,9.33437e+06,603019,603208,1.06739e+08,275.359,642.299,262.703,640.301
0,27,510303,58051.9,59970.6,9.01638e+06,9.33343e+06,603338,603304,1.0675e+08,275.553,642.576,253.039,644.814
0,28,510139,58036.8,59931.9,9.01575e+06,9.33245e+06,603342,603080,1.06761e+08,275.618,642.479,287.128,601.9
0,29,510147,58011.5,59889.3,9.01625e+06,9.33214e+06,603098,602714,1.0677e+08,275.555,642.134,262.601,655.451
0,30,510306,57990.2,59864.3,9.0177e+06,9.33279e+06,602773,602416,1.06777e+08,275.42,641.763,274.42,642.491
0,31,510533,57982,59865.9,9.01957e+06,9.33423e+06,602530,602315,1.06782e+08,275.291,641.553,272.42,611.755
0,32,510740,57988,59888.7,9.02127e+06,9.33605e+06,602458,602418,1.06787e+08,275.223,641.571,245.242,640.744
0,33,510874,58002.8,59918.6,9.02247e+06,9.3378e+06,602547,602629,1.06793e+08,275.233,641.76,275.642,641.76
0,34,510933,58019,59941.2,9.02321e+06,9.33923e+06,602716,602818,1.06799e+08,275.297,641.99,267.02,641.99
0,35,510960,58030.6,59949.1,9.02381e+06,9.34031e+06,602869,602895,1.06805e+08,275.373,642.138,271.296,642.138
0,36,511006,58035.7,59943.7,9.02463e+06,9.34125e+06,602939,602843,1.06812e+08,275.425,642.149,250.881,642.149
0,37,511106,58036.3,59933.1,9.02589e+06,9.34228e+06,602914,602715,1.06818e+08,275.434,642.048,276.645,642.048
0,38,511265,58035.9,59926.5,9.02759e+06,9.3436e+06,602828,602592,1.06824e+08,275.409,641.911,272.189,641.911
0,39,511462,58038.1,59929.5,9.02954e+06,9.34523e+06,602738,602536,1.06829e+08,275.371,641.819,268.613,641.819
0,40,511663,58044.4,59942.5,9.03148e+06,9.34709e+06,602689,602568,1.06833e+08,275.343,641.816,287.44,641.816
0,41,511844,58054.4,59961.1,9.03324e+06,9.34903e+06,602702,602662,1.06838e+08,275.339,641.896,274.952,641.896
0,42,511992,58066.3,59979.4,9.03477e+06,9.3509e+06,602765,602770,1.06842e+08,275.36,642.016,275.972,642.016
0,43,512117,58078.3,59993,9.03614e+06,9.35262e+06,602850,602848,1.06847e+08,275.397,642.124,270.372,642.124
0,44,512232,58089,60000.8,9.03749e+06,9.3542e+06,602930,602880,1.06852e+08,275.437,642.188,273.883,642.188
0,45,512353,58098.2,60004.8,9.03893e+06,9.35567e+06,602986,602876,1.06857e+08,275.469,642.205,271.7,642.205
0,46,512484,58106.5,60008.5,9.04048e+06,9.35712e+06,603018,602867,1.06862e+08,275.491,642.199,276.239,642.199
0,47,512620,58114.7,60014.7,9.04209e+06,9.35856e+06,603040,602880,1.06867e+08,275.505,642.204,282.669,642.204
0,48,512752,58123.2,60024.7,9.04364e+06,9.36002e+06,603068,602932,1.06872e+08,275.519,642.243,272.505,642.243
0,49,512868,58132.2,60037.4,9.04504e+06,9.36144e+06,603114,603016,1.06877e+08,275.537,642.321,275.537,642.321
0,50,512961,58141.5,60050.7,9.04625e+06,9.36277e+06,603182,603117,1.06882e+08,275.565,642.425,275.565,642.425
0,51,513032,58150.7,60062.2,9.04726e+06,9.36396e+06,603267,603214,1.06888e+08,275.601,642.535,275.601,642.535
0,52,513083,58159.4,60071,9.04813e+06,9.36499e+06,603359,603296,1.06893e+08,275.642,642.632,275.642,642.632
0,53,513120,58167.4,60077,9.04892e+06,9.36586e+06,603451,603361,1.06899e+08,275.684,642.709,275.684,642.709
0,54,513148,58174.4,60081.5,9.04965e+06,9.36658e+06,603537,603419,1.06905e+08,275.724,642.773,275.724,642.773
0,55,513165,58180.6,60085.8,9.0503e+06,9.36717e+06,603616,603481,1.06912e+08,275.761,642.835,275.761,642.835
0,56,513171,58186,60090.6,9.05086e+06,9.36765e+06,603692,603557,1.06918e+08,275.796,642.905,275.796,642.905
0,57,513161,58190.6,60096.1,9.05128e+06,9.36802e+06,603769,603646,1.06925e+08,275.83,642.99,275.83,642.99
0,58,513134,58194.3,60101.6,9.05153e+06,9.36828e+06,603850,603743,1.06931e+08,275.864,643.087,275.864,643.087
0,59,513090,58197.4,60106.1,9.05162e+06,9.36842e+06,603934,603840,1.06938e+08,275.9,643.187,275.9,643.187
0,60,513031,58199.7,60109,9.05158e+06,9.36843e+06,604022,603929,1.06945e+08,275.937,643.281,275.937,643.281
0,61,512960,58201.2,60110.1,9.05142e+06,9.36832e+06,604108,604008,1.06953e+08,275.974,643.364,275.974,643.364
0,62,512879,58202,60109.7,9.05119e+06,9.36809e+06,604191,604077,1.0696e+08,276.01,643.435,276.01,643.435
0,63,512792,58202.1,60108.4,9.05091e+06,9.36777e+06,604267,604141,1.06967e+08,276.044,643.499,276.044,643.499
0,64,512698,58201.2,60106.7,9.05056e+06,9.36736e+06,604337,604205,1.06975e+08,276.074,643.559,276.074,643.559
0,65,512599,58199.6,60104.9,9.05015e+06,9.36689e+06,604400,604270,1.06983e+08,276.101,643.62,276.101,643.62
0,66,512496,58197.2,60102.9,9.04968e+06,9.36638e+06,604458,604335,1.0699e+08,276.125,643.681,276.125,643.681
0,67,512389,58194.2,60100.4,9.04915e+06,9.36584e+06,604511,604396,1.06998e+08,276.147,643.74,276.147,643.74
0,68,512281,58190.6,60097.3,9.04859e+06,9.36527e+06,604560,604449,1.07005e+08,276.167,643.793,276.167,643.793
0,69,512174,58186.7,60093.4,9.04802e+06,9.3647e+06,604605,604494,1.07013e+08,276.185,643.837,276.185,643.837
0,70,512070,58182.5,60088.8,9.04745e+06,9.36413e+06,604644,604529,1.0702e+08,276.201,643.872,276.201,643.872
0,71,511971,58178.2,60083.8,9.04692e+06,9.36357e+06,604676,604556,1.07027e+08,276.214,643.897,276.214,643.897
0,72,511880,58173.7,60078.7,9.04643e+06,9.36305e+06,604701,604578,1.07034e+08,276.224,643.916,276.224,643.916
0,73,511797,58169,60073.7,9.046e+06,9.36258e+06,604719,604595,1.07041e+08,276.231,643.929,276.231,643.929
0,74,511723,58164.4,60069,9.04562e+06,9.36217e+06,604729,604608,1.07048e+08,276.235,643.939,289.063,643.939
0,75,511659,58159.7,60064.6,9.04531e+06,9.36184e+06,604734,604617,1.07054e+08,276.236,643.946,277.727,643.946
0,76,511607,58155.2,60060.4,9.04507e+06,9.36159e+06,604733,604621,1.0706e+08,276.235,643.948,280.166,643.948
0,77,511568,58151.1,60056.4,9.04492e+06,9.36145e+06,604728,604619,1.07065e+08,276.232,643.945,285.895,642.581
0,78,511542,58147.3,60052.7,9.04487e+06,9.36141e+06,604718,604610,1.07071e+08,276.227,643.936,260.944,624.957
0,79,511530,58144.1,60049.4,9.04492e+06,9.36147e+06,604705,604596,1.07076e+08,276.221,643.921,286.681,632.318
0,80,511532,58141.4,60046.5,9.04509e+06,9.36164e+06,604688,604579,1.0708e+08,276.214,643.903,289.285,620.552
0,81,511549,58139.4,60044.3,9.04537e+06,9.36193e+06,604668,604558,1.07084e+08,276.205,643.882,257.942,635.034
0,82,511581,58137.8,60042.9,9.04577e+06,9.36233e+06,604645,604536,1.07088e+08,276.195,643.86,269.213,648.455
0,83,511627,58136.9,60042.1,9.04628e+06,9.36285e+06,604619,604513,1.07092e+08,276.184,643.837,274.808,643.837
0,84,511686,58136.7,60042.2,9.0469e+06,9.36349e+06,604592,604490,1.07095e+08,276.173,643.814,291.631,643.814
0,85,511759,58137.2,60043,9.04762e+06,9.36424e+06,604565,604465,1.07098e+08,276.162,643.791,276.162,643.791
0,86,511843,58138.4,60044.5,9.04844e+06,9.3651e+06,604539,604441,1.071e+08,276.151,643.768,276.151,643.768
0,87,511938,58140.4,60046.8,9.04935e+06,9.36605e+06,604514,604417,1.07102e+08,276.141,643.747,276.141,643.747
0,88,512044,58143.2,60049.7,9.05035e+06,9.36709e+06,604491,604394,1.07104e+08,276.132,643.727,276.132,643.727
0,89,512157,58146.7,60053.3,9.05143e+06,9.36821e+06,604471,604374,1.07105e+08,276.124,643.709,276.124,643.709
0,90,512277,58150.9,60057.7,9.05258e+06,9.3694e+06,604453,604357,1.07107e+08,276.118,643.695,276.118,643.695
0,91,512403,58155.6,60062.7,9.05377e+06,9.37063e+06,604439,604343,1.07108e+08,276.113,643.684,276.113,643.684
0,92,512532,58160.9,60068.2,9.055e+06,9.37191e+06,604429,604334,1.07109e+08,276.11,643.679,276.11,643.679
0,93,512662,58166.7,60074.3,9.05626e+06,9.37322e+06,604423,604330,1.0711e+08,276.109,643.677,276.109,643.677
0,94,512793,58172.9,60080.8,9.05753e+06,9.37454e+06,604423,604329,1.0711e+08,276.11,643.681,276.11,643.681
0,95,512922,58179.4,60087.7,9.05879e+06,9.37585e+06,604427,604334,1.07111e+08,276.114,643.69,276.114,643.69
0,96,513047,58186.3,60094.8,9.06004e+06,9.37714e+06,604437,604344,1.07111e+08,276.12,643.704,276.12,643.704
0,97,513166,58193.3,60102,9.06125e+06,9.3784e+06,604453,604359,1.07112e+08,276.128,643.722,276.128,643.722
0,98,513279,58200.4,60109.3,9.06242e+06,9.37962e+06,604474,604379,1.07112e+08,276.139,643.746,276.139,643.746
0,99,513382,58207.6,60116.5,9.06353e+06,9.38077e+06,604501,604404,1.07113e+08,276.152,643.775,276.152,643.775
0,100,513476,58214.6,60123.7,9.06456e+06,9.38184e+06,604533,604435,1.07114e+08,276.167,643.81,276.167,643.81
0,101,513558,58221.4,60130.6,9.06552e+06,9.38283e+06,604569,604471,1.07115e+08,276.184,643.849,276.184,643.849
0,102,513628,58227.9,60137.3,9.06638e+06,9.38372e+06,604611,604512,1.07116e+08,276.203,643.893,276.203,643.893
0,103,513684,58234,60143.5,9.06713e+06,9.3845e+06,604657,604556,1.07117e+08,276.224,643.94,276.224,643.94
0,104,513726,58239.7,60149.2,9.06778e+06,9.38517e+06,604707,604605,1.07118e+08,276.246,643.991,276.246,643.991
0,105,513753,58244.8,60154.4,9.06831e+06,9.38572e+06,604760,604656,1.0712e+08,276.27,644.045,276.27,644.045
0,106,513765,58249.3,60158.9,9.06871e+06,9.38614e+06,604816,604711,1.07122e+08,276.295,644.101,276.295,644.101
0,107,513762,58253.2,60162.7,9.069e+06,9.38644e+06,604875,604767,1.07124e+08,276.321,644.159,276.321,644.159
0,108,513744,58256.4,60165.7,9.06916e+06,9.3866e+06,604935,604826,1.07126e+08,276.347,644.218,276.347,644.218
0,109,513710,58258.7,60168,9.0692e+06,9.38664e+06,604996,604885,1.07128e+08,276.373,644.278,276.373,644.278
0,110,513663,58260.3,60169.5,9.06912e+06,9.38655e+06,605057,604944,1.07131e+08,276.399,644.337,276.399,644.337
0,111,513601,58261.1,60170.1,9.06892e+06,9.38634e+06,605117,605004,1.07134e+08,276.425,644.395,276.425,644.395
0,112,513527,58261,60169.9,9.06861e+06,9.38601e+06,605176,605061,1.07137e+08,276.45,644.452,276.45,644.452
0,113,513442,58260.2,60168.8,9.0682e+06,9.38558e+06,605234,605117,1.07141e+08,276.475,644.507,276.475,644.507
0,114,513346,58258.5,60166.9,9.06769e+06,9.38506e+06,605289,605171,1.07145e+08,276.497,644.559,276.497,644.559
0,115,513242,58256,60164.2,9.06711e+06,9.38445e+06,605340,605222,1.07149e+08,276.519,644.607,276.519,644.607
0,116,513130,58252.9,60160.8,9.06645e+06,9.38376e+06,605388,605269,1.07153e+08,276.538,644.651,276.538,644.651
0,117,513013,58249,60156.7,9.06573e+06,9.38301e+06,605432,605312,1.07157e+08,276.556,644.691,276.556,644.691
0,118,512892,58244.5,60151.9,9.06498e+06,9.38222e+06,605471,605350,1.07161e+08,276.572,644.727,276.572,644.727
0,119,512769,58239.4,60146.6,9.06419e+06,9.3814e+06,605505,605384,1.07165e+08,276.585,644.757,276.585,644.757
0,120,512646,58233.8,60140.8,9.06338e+06,9.38056e+06,605533,605412,1.0717e+08,276.595,644.781,276.595,644.781
0,121,512525,58227.9,60134.6,9.06258e+06,9.37973e+06,605556,605435,1.07175e+08,276.604,644.801,276.604,644.801
0,122,512407,58221.6,60128.1,9.06179e+06,9.37891e+06,605573,605453,1.07179e+08,276.609,644.814,276.609,644.814
0,123,512294,58215.1,60121.4,9.06103e+06,9.37812e+06,605584,605464,1.07184e+08,276.613,644.822,276.613,644.822
0,124,512188,58208.5,60114.6,9.06032e+06,9.37738e+06,605589,605470,1.07188e+08,276.613,644.824,276.613,644.824
0,125,512091,58201.8,60107.8,9.05967e+06,9.37669e+06,605589,605471,1.07192e+08,276.612,644.82,276.612,644.82
0,126,512003,58195.2,60101,9.05908e+06,9.37609e+06,605583,605466,1.07197e+08,276.607,644.811,276.607,644.811
0,127,511927,58188.8,60094.5,9.05858e+06,9.37556e+06,605572,605456,1.07201e+08,276.601,644.798,276.601,644.798
0,128,511864,58182.6,60088.2,9.05818e+06,9.37514e+06,605555,605441,1.07205e+08,276.593,644.779,276.593,644.779
0,129,511813,58176.8,60082.4,9.05788e+06,9.37483e+06,605535,605422,1.07209e+08,276.583,644.757,276.583,644.757
0,130,511777,58171.4,60076.9,9.05769e+06,9.37463e+06,605510,605398,1.07213e+08,276.571,644.731,276.571,644.731
0,131,511756,58166.6,60072.1,9.05762e+06,9.37456e+06,605481,605372,1.07216e+08,276.557,644.701,281.183,644.701
0,132,511750,58162.3,60067.8,9.05767e+06,9.37461e+06,605450,605342,1.0722e+08,276.543,644.67,281.301,644.67
0,133,511759,58158.7,60064.3,9.05785e+06,9.3748e+06,605417,605311,1.07223e+08,276.528,644.636,272.354,644.636
0,134,511783,58155.8,60061.4,9.05816e+06,9.37511e+06,605382,605278,1.07226e+08,276.512,644.602,285.499,644.602
0,135,511822,58153.7,60059.4,9.05859e+06,9.37556e+06,605347,605244,1.07229e+08,276.497,644.567,276.497,644.567
0,136,511876,58152.3,60058.2,9.05915e+06,9.37614e+06,605311,605210,1.07231e+08,276.481,644.533,276.481,644.533
0,137,511942,58151.7,60057.8,9.05982e+06,9.37684e+06,605277,605177,1.07233e+08,276.466,644.5,276.466,644.5
0,138,512022,58152,60058.2,9.06061e+06,9.37767e+06,605243,605145,1.07236e+08,276.452,644.468,276.452,644.468
0,139,512113,58153,60059.5,9.06151e+06,9.3786e+06,605211,605115,1.07238e+08,276.439,644.439,276.439,644.439
0,140,512215,58154.9,60061.6,9.06251e+06,9.37963e+06,605182,605087,1.07239e+08,276.426,644.412,276.426,644.412
0,141,512325,58157.5,60064.4,9.06359e+06,9.38075e+06,605156,605062,1.07241e+08,276.416,644.389,276.416,644.389
0,142,512443,58160.8,60068,9.06475e+06,9.38196e+06,605134,605041,1.07243e+08,276.407,644.37,276.407,644.37
0,143,512567,58164.9,60072.3,9.06597e+06,9.38322e+06,605117,605025,1.07244e+08,276.4,644.356,276.4,644.356
0,144,512695,58169.6,60077.2,9.06724e+06,9.38454e+06,605104,605012,1.07245e+08,276.396,644.346,276.396,644.346
0,145,512825,58174.8,60082.7,9.06854e+06,9.3859e+06,605096,605005,1.07247e+08,276.394,644.342,276.394,644.342
0,146,512955,58180.5,60088.7,9.06987e+06,9.38728e+06,605094,605004,1.07248e+08,276.394,644.343,276.394,644.343
0,147,513085,58186.7,60095.1,9.07121e+06,9.38866e+06,605098,605008,1.07249e+08,276.397,644.35,276.397,644.35
0,148,513211,58193.2,60101.8,9.07253e+06,9.39004e+06,605108,605017,1.0725e+08,276.402,644.363,276.402,644.363
0,149,513332,58199.9,60108.8,9.07383e+06,9.39139e+06,605124,605033,1.07252e+08,276.41,644.382,276.41,644.382
0,150,513446,58206.8,60115.8,9.07509e+06,9.3927e+06,605146,605055,1.07253e+08,276.421,644.407,276.421,644.407
0,151,513552,58213.7,60122.9,9.07631e+06,9.39395e+06,605174,605082,1.07255e+08,276.435,644.437,276.435,644.437
0,152,513649,58220.5,60129.9,9.07745e+06,9.39514e+06,605208,605115,1.07257e+08,276.45,644.474,276.45,644.474
0,153,513734,58227.2,60136.8,9.07852e+06,9.39625e+06,605248,605154,1.07258e+08,276.469,644.515,276.469,644.515
0,154,513808,58233.7,60143.4,9.0795e+06,9.39727e+06,605293,605198,1.07261e+08,276.489,644.561,276.489,644.561
0,155,513867,58239.9,60149.6,9.08038e+06,9.39818e+06,605343,605246,1.07263e+08,276.511,644.612,276.511,644.612
0,156,513913,58245.6,60155.3,9.08116e+06,9.39898e+06,605397,605299,1.07265e+08,276.536,644.667,276.536,644.667
0,157,513944,58250.8,60160.6,9.08182e+06,9.39967e+06,605455,605355,1.07268e+08,276.561,644.726,276.561,644.726
0,158,513960,58255.4,60165.2,9.08236e+06,9.40023e+06,605517,605415,1.07271e+08,276.588,644.787,276.588,644.787
0,159,513961,58259.4,60169.2,9.08279e+06,9.40067e+06,605581,605478,1.07275e+08,276.616,644.85,276.616,644.85
0,160,513947,58262.8,60172.4,9.08309e+06,9.40097e+06,605647,605542,1.07278e+08,276.645,644.915,276.645,644.915
0,161,513917,58265.3,60174.9,9.08326e+06,9.40115e+06,605714,605608,1.07282e+08,276.674,644.981,276.674,644.981
0,162,513873,58267.1,60176.6,9.08332e+06,9.40121e+06,605782,605674,1.07286e+08,276.703,645.047,276.703,645.047
0,163,513816,58268.1,60177.5,9.08326e+06,9.40114e+06,605849,605740,1.0729e+08,276.732,645.112,276.732,645.112
0,164,513745,58268.3,60177.5,9.08308e+06,9.40096e+06,605916,605805,1.07295e+08,276.76,645.177,276.76,645.177
0,165,513663,58267.7,60176.7,9.08281e+06,9.40067e+06,605981,605869,1.073e+08,276.787,645.239,276.787,645.239
0,166,513570,58266.3,60175,9.08243e+06,9.40027e+06,606043,605930,1.07305e+08,276.814,645.298,276.814,645.298
0,167,513468,58264.1,60172.6,9.08197e+06,9.39979e+06,606103,605989,1.0731e+08,276.838,645.354,276.838,645.354
0,168,513358,58261.2,60169.4,9.08144e+06,9.39923e+06,606159,606044,1.07315e+08,276.861,645.406,276.861,645.406
0,169,513243,58257.5,60165.6,9.08084e+06,9.39861e+06,606211,606095,1.0732e+08,276.882,645.455,276.882,645.455
0,170,513123,58253.2,60161,9.08019e+06,9.39793e+06,606258,606141,1.07326e+08,276.901,645.498,276.901,645.498
0,171,513001,58248.4,60155.9,9.07951e+06,9.39722e+06,606300,606183,1.07331e+08,276.918,645.536,276.918,645.536
0,172,512878,58243,60150.3,9.0788e+06,9.39648e+06,606336,606219,1.07337e+08,276.932,645.568,276.932,645.568
0,173,512756,58237.2,60144.3,9.07809e+06,9.39574e+06,606367,606250,1.07342e+08,276.944,645.595,276.944,645.595
0,174,512637,58231.1,60137.9,9.07739e+06,9.395e+06,606392,606275,1.07348e+08,276.953,645.617,276.953,645.617
0,175,512523,58224.7,60131.3,9.0767e+06,9.39429e+06,606411,606294,1.07353e+08,276.959,645.632,276.959,645.632
0,176,512415,58218.2,60124.6,9.07606e+06,9.39362e+06,606423,606308,1.07359e+08,276.963,645.641,276.963,645.641
0,177,512315,58211.6,60117.8,9.07546e+06,9.393e+06,606430,606315,1.07364e+08,276.965,645.645,276.965,645.645
0,178,512224,58205,60111.1,9.07493e+06,9.39244e+06,606431,606317,1.07369e+08,276.963,645.643,273.756,645.643
0,179,512144,58198.6,60104.5,9.07446e+06,9.39196e+06,606426,606314,1.07374e+08,276.96,645.635,272.441,645.635
0,180,512076,58192.3,60098.2,9.07409e+06,9.39156e+06,606416,606305,1.07378e+08,276.954,645.623,285.02,645.623
0,181,512021,58186.4,60092.2,9.07381e+06,9.39127e+06,606401,606291,1.07382e+08,276.946,645.606,282.246,647.83
0,182,511980,58180.9,60086.6,9.07363e+06,9.39108e+06,606381,606273,1.07386e+08,276.937,645.585,285.416,639.851
0,183,511952,58175.9,60081.6,9.07355e+06,9.39101e+06,606358,606251,1.0739e+08,276.926,645.56,263.308,693.853
0,184,511940,58171.4,60077.1,9.0736e+06,9.39105e+06,606331,606225,1.07394e+08,276.913,645.533,305.932,664.37
0,185,511942,58167.5,60073.2,9.07375e+06,9.39121e+06,606301,606197,1.07397e+08,276.899,645.502,247.824,641.755
0,186,511959,58164.2,60070,9.07403e+06,9.3915e+06,606269,606167,1.07399e+08,276.885,645.471,273.82,640.948
0,187,511990,58161.7,60067.6,9.07442e+06,9.3919e+06,606235,606135,1.07402e+08,276.87,645.437,279.598,613.059
0,188,512036,58159.9,60065.9,9.07493e+06,9.39243e+06,606200,606102,1.07404e+08,276.855,645.404,275.379,654.314
0,189,512095,58158.9,60065,9.07555e+06,9.39307e+06,606165,606068,1.07406e+08,276.84,645.37,296.32,645.37
0,190,512167,58158.6,60064.9,9.07628e+06,9.39383e+06,606131,606036,1.07407e+08,276.825,645.338,266.475,645.338
0,191,512250,58159.1,60065.6,9.0771e+06,9.39469e+06,606098,606004,1.07409e+08,276.811,645.307,280.078,645.307
0,192,512344,58160.4,60067.1,9.07802e+06,9.39564e+06,606067,605974,1.0741e+08,276.798,645.278,285.785,645.278
0,193,512446,58162.4,60069.3,9.07902e+06,9.39668e+06,606039,605947,1.07411e+08,276.786,645.253,273.475,645.253
0,194,512556,58165.2,60072.2,9.08009e+06,9.39778e+06,606014,605923,1.07411e+08,276.776,645.23,252.245,645.23
0,195,512671,58168.6,60075.8,9.08121e+06,9.39895e+06,605992,605902,1.07411e+08,276.768,645.212,278.692,645.212
0,196,512791,58172.6,60080.1,9.08238e+06,9.40017e+06,605975,605886,1.07412e+08,276.761,645.197,288.209,645.197
0,197,512913,58177.1,60084.8,9.08358e+06,9.40141e+06,605963,605874,1.07412e+08,276.757,645.188,273.864,645.188
0,198,513036,58182.1,60090.1,9.08479e+06,9.40267e+06,605955,605866,1.07412e+08,276.755,645.183,276.755,645.183
0,199,513157,58187.5,60095.7,9.08601e+06,9.40393e+06,605953,605864,1.07411e+08,276.755,645.184,276.755,645.184
0,200,513275,58193.3,60101.6,9.08721e+06,9.40518e+06,605956,605867,1.07411e+08,276.757,645.19,276.757,645.19
0,201,513388,58199.2,60107.8,9.08838e+06,9.4064e+06,605965,605876,1.07411e+08,276.762,645.201,276.762,645.201
0,202,513494,58205.3,60114,9.08952e+06,9.40757e+06,605980,605890,1.07411e+08,276.77,645.218,276.77,645.218
0,203,513592,58211.4,60120.3,9.09059e+06,9.40869e+06,606000,605909,1.07411e+08,276.78,645.241,276.78,645.241
0,204,513681,58217.5,60126.5,9.09159e+06,9.40973e+06,606026,605934,1.07411e+08,276.792,645.268,276.792,645.268
0,205,513758,58223.3,60132.4,9.09252e+06,9.41069e+06,606057,605964,1.07411e+08,276.806,645.3,276.806,645.3
0,206,513823,58229,60138.2,9.09335e+06,9.41155e+06,606092,605998,1.07411e+08,276.822,645.337,276.822,645.337
0,207,513875,58234.2,60143.5,9.09407e+06,9.4123e+06,606133,606037,1.07411e+08,276.84,645.378,276.84,645.378
0,208,513913,58239.1,60148.3,9.09469e+06,9.41294e+06,606177,606080,1.07411e+08,276.86,645.423,276.86,645.423
0,209,513935,58243.4,60152.7,9.09519e+06,9.41346e+06,606225,606127,1.07412e+08,276.881,645.471,276.881,645.471
0,210,513943,58247.2,60156.4,9.09556e+06,9.41384e+06,606276,606176,1.07413e+08,276.904,645.521,276.904,645.521
0,211,513935,58250.2,60159.4,9.09581e+06,9.4141e+06,606329,606227,1.07414e+08,276.927,645.573,276.927,645.573
0,212,513912,58252.6,60161.6,9.09593e+06,9.41422e+06,606384,606281,1.07415e+08,276.95,645.626,276.95,645.626
0,213,513873,58254.2,60163.1,9.09593e+06,9.41421e+06,606440,606335,1.07417e+08,276.974,645.68,276.974,645.68
0,214,513820,58255,60163.8,9.09579e+06,9.41407e+06,606496,606389,1.07418e+08,276.998,645.734,276.998,645.734
0,215,513753,58255.1,60163.6,9.09554e+06,9.41381e+06,606552,606444,1.0742e+08,277.022,645.787,277.022,645.787
0,216,513672,58254.2,60162.6,9.09517e+06,9.41342e+06,606606,606497,1.07422e+08,277.045,645.838,277.045,645.838
0,217,513580,58252.6,60160.7,9.09469e+06,9.41291e+06,606659,606548,1.07424e+08,277.066,645.888,277.066,645.888
0,218,513476,58250.1,60157.9,9.0941e+06,9.41231e+06,606709,606597,1.07427e+08,277.087,645.934,277.087,645.934
0,219,513364,58246.8,60154.4,9.09343e+06,9.4116e+06,606756,606643,1.07429e+08,277.106,645.977,277.106,645.977
0,220,513243,58242.7,60150,9.09267e+06,9.41082e+06,606799,606685,1.07432e+08,277.123,646.016,277.123,646.016
0,221,513116,58237.9,60145,9.09185e+06,9.40996e+06,606838,606722,1.07434e+08,277.138,646.05,277.138,646.05
0,222,512984,58232.5,60139.2,9.09098e+06,9.40905e+06,606872,606756,1.07437e+08,277.151,646.079,277.151,646.079
0,223,512849,58226.4,60132.9,9.09006e+06,9.40809e+06,606900,606784,1.0744e+08,277.162,646.103,277.162,646.103
0,224,512714,58219.8,60126,9.08911e+06,9.40711e+06,606923,606806,1.07443e+08,277.17,646.121,277.17,646.121
0,225,512579,58212.8,60118.7,9.08816e+06,9.40612e+06,606940,606823,1.07445e+08,277.176,646.133,277.176,646.133
0,226,512447,58205.4,60111,9.08721e+06,9.40512e+06,606950,606834,1.07448e+08,277.178,646.139,277.178,646.139
0,227,512319,58197.7,60103,9.08627e+06,9.40415e+06,606955,606839,1.07451e+08,277.178,646.139,277.178,646.139
0,228,512197,58189.8,60094.9,9.08537e+06,9.40321e+06,606953,606838,1.07453e+08,277.176,646.133,277.176,646.133
0,229,512083,58181.8,60086.7,9.08452e+06,9.40232e+06,606945,606830,1.07455e+08,277.17,646.121,277.17,646.121
0,230,511978,58173.9,60078.5,9.08372e+06,9.4015e+06,606931,606817,1.07457e+08,277.162,646.103,277.162,646.103
0,231,511884,58166,60070.5,9.08299e+06,9.40074e+06,606911,606798,1.07459e+08,277.152,646.08,277.152,646.08
0,232,511801,58158.4,60062.7,9.08235e+06,9.40007e+06,606885,606774,1.07461e+08,277.139,646.051,277.139,646.051
0,233,511731,58151,60055.2,9.0818e+06,9.3995e+06,606855,606745,1.07462e+08,277.124,646.018,277.124,646.018
0,234,511675,58144,60048.1,9.08135e+06,9.39903e+06,606819,606711,1.07463e+08,277.107,645.98,277.107,645.98
0,235,511632,58137.4,60041.4,9.081e+06,9.39867e+06,606780,606673,1.07464e+08,277.089,645.939,277.089,645.939
0,236,511604,58131.4,60035.4,9.08077e+06,9.39843e+06,606736,606631,1.07464e+08,277.069,645.894,284.75,645.894
0,237,511591,58126,60029.9,9.08065e+06,9.39831e+06,606690,606586,1.07465e+08,277.048,645.846,273.77,645.846
0,238,511593,58121.2,60025.1,9.08065e+06,9.39831e+06,606641,606539,1.07464e+08,277.026,645.797,282.241,645.797
0,239,511609,58117.1,60021,9.08077e+06,9.39843e+06,606591,606490,1.07464e+08,277.003,645.746,269.409,645.746
0,240,511640,58113.7,60017.7,9.08101e+06,9.39868e+06,606539,606440,1.07463e+08,276.981,645.694,280.072,645.694
0,241,511685,58111.1,60015.2,9.08136e+06,9.39904e+06,606487,606390,1.07462e+08,276.958,645.643,275.519,645.643
0,242,511742,58109.2,60013.5,9.08182e+06,9.39952e+06,606436,606340,1.07461e+08,276.935,645.592,276.935,645.592
0,243,511811,58108.2,60012.5,9.08238e+06,9.4001e+06,606385,606291,1.07459e+08,276.913,645.543,276.913,645.543
0,244,511891,58107.9,60012.4,9.08303e+06,9.40078e+06,606337,606244,1.07457e+08,276.893,645.496,278.132,645.496
0,245,511980,58108.4,60013,9.08377e+06,9.40155e+06,606291,606200,1.07455e+08,276.873,645.452,284.216,645.452
0,246,512076,58109.6,60014.4,9.08458e+06,9.40239e+06,606248,606158,1.07453e+08,276.855,645.411,274.035,645.411
0,247,512179,58111.4,60016.5,9.08545e+06,9.4033e+06,606209,606120,1.0745e+08,276.838,645.374,277.17,645.374
0,248,512287,58113.9,60019.1,9.08637e+06,9.40426e+06,606175,606086,1.07448e+08,276.824,645.341,272.836,645.341
0,249,512397,58117,60022.4,9.08733e+06,9.40526e+06,606145,606056,1.07445e+08,276.812,645.313,286.413,645.313
0,250,512508,58120.6,60026.2,9.08831e+06,9.40627e+06,606120,606031,1.07442e+08,276.802,645.29,286.455,645.29
0,251,512619,58124.6,60030.4,9.08929e+06,9.40729e+06,606100,606012,1.07439e+08,276.794,645.273,280.299,645.273
0,252,512727,58129,60034.9,9.09027e+06,9.40831e+06,606086,605998,1.07436e+08,276.789,645.261,273.414,645.261
0,253,512830,58133.6,60039.7,9.09122e+06,9.4093e+06,606078,605990,1.07434e+08,276.786,645.254,277.177,645.254
0,254,512928,58138.4,60044.6,9.09214e+06,9.41025e+06,606076,605987,1.07431e+08,276.786,645.254,282.424,645.254
0,255,513018,58143.2,60049.6,9.09301e+06,9.41116e+06,606080,605990,1.07428e+08,276.788,645.259,276.788,645.259
0,256,513098,58148.1,60054.5,9.09381e+06,9.41199e+06,606089,605998,1.07426e+08,276.793,645.269,276.793,645.269
0,257,513168,58152.8,60059.3,9.09454e+06,9.41275e+06,606104,606012,1.07423e+08,276.8,645.284,276.8,645.284
0,258,513227,58157.3,60063.9,9.09518e+06,9.41341e+06,606124,606031,1.07421e+08,276.809,645.305,276.809,645.305
0,259,513273,58161.6,60068.2,9.09573e+06,9.41398e+06,606149,606054,1.07419e+08,276.82,645.33,276.82,645.33
0,260,513305,58165.4,60072,9.09617e+06,9.41444e+06,606178,606082,1.07417e+08,276.833,645.358,276.833,645.358
0,261,513322,58168.8,60075.4,9.09651e+06,9.41478e+06,606211,606114,1.07416e+08,276.848,645.391,276.848,645.391
0,262,513326,58171.7,60078.2,9.09672e+06,9.41501e+06,606248,606149,1.07414e+08,276.864,645.426,276.864,645.426
0,263,513314,58173.9,60080.3,9.09682e+06,9.41511e+06,606287,606187,1.07413e+08,276.88,645.464,276.88,645.464
0,264,513287,58175.5,60081.8,9.09679e+06,9.41508e+06,606329,606227,1.07413e+08,276.898,645.504,276.898,645.504
0,265,513246,58176.4,60082.6,9.09665e+06,9.41492e+06,606372,606268,1.07412e+08,276.916,645.544,276.916,645.544
0,266,513190,58176.6,60082.5,9.09638e+06,9.41465e+06,606415,606310,1.07412e+08,276.935,645.585,276.935,645.585
0,267,513121,58176,60081.8,9.096e+06,9.41425e+06,606459,606353,1.07412e+08,276.953,645.626,276.953,645.626
0,268,513039,58174.6,60080.2,9.09551e+06,9.41374e+06,606503,606395,1.07413e+08,276.971,645.665,276.971,645.665
0,269,512946,58172.5,60077.8,9.09492e+06,9.41312e+06,606544,606435,1.07414e+08,276.988,645.703,276.988,645.703
0,270,512842,58169.6,60074.7,9.09423e+06,9.41241e+06,606584,606474,1.07415e+08,277.004,645.739,277.004,645.739
0,271,512729,58165.9,60070.7,9.09346e+06,9.4116e+06,606622,606510,1.07416e+08,277.018,645.772,277.018,645.772
0,272,512609,58161.6,60066.1,9.09262e+06,9.41072e+06,606656,606543,1.07417e+08,277.032,645.802,277.032,645.802
0,273,512483,58156.6,60060.8,9.09171e+06,9.40978e+06,606686,606573,1.07419e+08,277.043,645.827,277.043,645.827
0,274,512352,58151,60054.9,9.09076e+06,9.40879e+06,606712,606598,1.07421e+08,277.053,645.849,277.053,645.849
0,275,512220,58144.8,60048.5,9.08977e+06,9.40777e+06,606733,606619,1.07423e+08,277.06,645.865,277.06,645.865
0,276,512086,58138.2,60041.6,9.08877e+06,9.40672e+06,606750,606636,1.07425e+08,277.065,645.877,277.065,645.877
0,277,511954,58131.2,60034.3,9.08776e+06,9.40568e+06,606761,606647,1.07427e+08,277.068,645.883,277.068,645.883
0,278,511826,58123.9,60026.8,9.08677e+06,9.40464e+06,606766,606652,1.07429e+08,277.069,645.884,277.069,645.884
0,279,511702,58116.4,60019,9.0858e+06,9.40363e+06,606766,606653,1.07432e+08,277.067,645.88,277.067,645.88
0,280,511584,58108.8,60011.2,9.08487e+06,9.40267e+06,606760,606648,1.07434e+08,277.062,645.87,277.062,645.87
0,281,511476,58101.1,60003.3,9.084e+06,9.40176e+06,606749,606637,1.07436e+08,277.056,645.855,277.056,645.855
0,282,511376,58093.6,59995.6,9.08319e+06,9.40092e+06,606732,606622,1.07438e+08,277.046,645.835,277.046,645.835
0,283,511288,58086.2,59988,9.08247e+06,9.40017e+06,606710,606601,1.07441e+08,277.035,645.81,277.035,645.81
0,284,511213,58079.1,59980.8,9.08184e+06,9.39952e+06,606684,606576,1.07443e+08,277.022,645.78,277.022,645.78
0,285,511150,58072.4,59974,9.08131e+06,9.39897e+06,606653,606546,1.07445e+08,277.007,645.747,282.675,645.747
0,286,511103,58066.1,59967.7,9.0809e+06,9.39854e+06,606617,606512,1.07446e+08,276.991,645.709,291.425,645.709
0,287,511070,58060.4,59961.9,9.0806e+06,9.39823e+06,606579,606475,1.07448e+08,276.973,645.669,265.834,645.669
0,288,511052,58055.3,59956.8,9.08042e+06,9.39805e+06,606537,606436,1.07449e+08,276.954,645.627,294.057,645.627
0,289,511051,58050.8,59952.4,9.08038e+06,9.398e+06,606493,606394,1.07451e+08,276.934,645.583,281.302,630.782
0,290,511065,58047.2,59948.8,9.08046e+06,9.39809e+06,606448,606350,1.07452e+08,276.914,645.537,269.261,645.537
0,291,511094,58044.3,59946,9.08068e+06,9.39831e+06,606402,606306,1.07453e+08,276.893,645.492,270.995,645.492
0,292,511138,58042.3,59944.1,9.08102e+06,9.39866e+06,606356,606261,1.07454e+08,276.873,645.446,261.094,645.446
0,293,511197,58041.1,59943.1,9.08148e+06,9.39915e+06,606310,606217,1.07454e+08,276.853,645.402,275.3,645.402
0,294,511269,58040.8,59942.9,9.08206e+06,9.39975e+06,606266,606175,1.07455e+08,276.834,645.359,276.834,645.359
0,295,511354,58041.3,59943.7,9.08276e+06,9.40048e+06,606223,606134,1.07455e+08,276.816,645.319,276.816,645.319
0,296,511450,58042.7,59945.3,9.08356e+06,9.40131e+06,606183,606095,1.07455e+08,276.799,645.281,276.799,645.281
0,297,511556,58044.9,59947.7,9.08445e+06,9.40223e+06,606146,606059,1.07455e+08,276.784,645.247,276.784,645.247
0,298,511671,58047.9,59951,9.08543e+06,9.40325e+06,606113,606027,1.07455e+08,276.77,645.217,276.77,645.217
0,299,511792,58051.7,59955,9.08648e+06,9.40434e+06,606085,605999,1.07455e+08,276.759,645.192,276.759,645.192
0,300,511919,58056.2,59959.8,9.08758e+06,9.40549e+06,606061,605976,1.07455e+08,276.75,645.171,276.75,645.171
0,301,512049,58061.4,59965.2,9.08873e+06,9.40668e+06,606042,605958,1.07454e+08,276.743,645.156,276.743,645.156
0,302,512181,58067.1,59971.2,9.08991e+06,9.40791e+06,606029,605946,1.07454e+08,276.739,645.147,276.739,645.147
0,303,512313,58073.4,59977.7,9.0911e+06,9.40915e+06,606023,605939,1.07454e+08,276.737,645.144,276.737,645.144
0,304,512443,58080,59984.6,9.0923e+06,9.41039e+06,606022,605938,1.07454e+08,276.738,645.147,276.738,645.147
0,305,512569,58087,59991.8,9.09348e+06,9.41161e+06,606027,605944,1.07454e+08,276.742,645.156,276.742,645.156
0,306,512689,58094.2,59999.2,9.09462e+06,9.4128e+06,606039,605955,1.07454e+08,276.749,645.171,276.749,645.171
0,307,512802,58101.5,60006.8,9.09573e+06,9.41395e+06,606058,605973,1.07454e+08,276.758,645.192,276.758,645.192
0,308,512907,58108.9,60014.3,9.09677e+06,9.41504e+06,606082,605996,1.07454e+08,276.77,645.219,276.77,645.219
0,309,513001,58116.2,60021.8,9.09775e+06,9.41605e+06,606112,606026,1.07455e+08,276.784,645.252,276.784,645.252
0,310,513084,58123.3,60029.1,9.09865e+06,9.41698e+06,606148,606061,1.07455e+08,276.801,645.291,276.801,645.291
0,311,513154,58130.2,60036.1,9.09945e+06,9.41781e+06,606190,606101,1.07456e+08,276.82,645.334,276.82,645.334
0,312,513211,58136.8,60042.8,9.10015e+06,9.41854e+06,606236,606145,1.07458e+08,276.841,645.382,276.841,645.382
0,313,513254,58142.9,60049,9.10074e+06,9.41915e+06,606286,606194,1.07459e+08,276.864,645.433,276.864,645.433
0,314,513283,58148.6,60054.6,9.10122e+06,9.41965e+06,606341,606247,1.07461e+08,276.888,645.489,276.888,645.489
0,315,513296,58153.6,60059.7,9.10158e+06,9.42002e+06,606398,606303,1.07463e+08,276.914,645.546,276.914,645.546
0,316,513295,58158.1,60064.1,9.10182e+06,9.42027e+06,606458,606361,1.07465e+08,276.94,645.606,276.94,645.606
0,317,513278,58161.8,60067.8,9.10194e+06,9.42039e+06,606519,606421,1.07468e+08,276.967,645.667,276.967,645.667
0,318,513248,58164.9,60070.8,9.10194e+06,9.42039e+06,606582,606482,1.07471e+08,276.995,645.729,276.995,645.729
0,319,513203,58167.1,60073,9.10183e+06,9.42026e+06,606645,606543,1.07474e+08,277.022,645.791,277.022,645.791
0,320,513146,58168.6,60074.3,9.1016e+06,9.42002e+06,606707,606604,1.07478e+08,277.049,645.852,277.049,645.852
0,321,513076,58169.4,60074.9,9.10126e+06,9.41967e+06,606769,606664,1.07481e+08,277.075,645.912,277.075,645.912
0,322,512996,58169.3,60074.7,9.10083e+06,9.41922e+06,606828,606722,1.07485e+08,277.1,645.969,277.1,645.969
0,323,512906,58168.6,60073.8,9.10031e+06,9.41868e+06,606885,606778,1.0749e+08,277.125,646.024,277.125,646.024
0,324,512809,58167.1,60072.1,9.09971e+06,9.41805e+06,606939,606831,1.07494e+08,277.147,646.075,277.147,646.075
0,325,512705,58164.9,60069.7,9.09905e+06,9.41736e+06,606989,606880,1.07498e+08,277.168,646.122,277.168,646.122
0,326,512596,58162,60066.7,9.09833e+06,9.41661e+06,607034,606925,1.07503e+08,277.187,646.166,277.187,646.166
0,327,512484,58158.6,60063.1,9.09757e+06,9.41582e+06,607075,606965,1.07508e+08,277.204,646.204,277.204,646.204
0,328,512371,58154.7,60059,9.09679e+06,9.41501e+06,607111,607001,1.07513e+08,277.218,646.237,277.218,646.237
0,329,512259,58150.4,60054.5,9.096e+06,9.41418e+06,607142,607031,1.07518e+08,277.23,646.265,277.23,646.265
0,330,512149,58145.7,60049.6,9.09521e+06,9.41336e+06,607166,607056,1.07523e+08,277.24,646.287,277.24,646.287
0,331,512043,58140.8,60044.5,9.09444e+06,9.41256e+06,607185,607075,1.07527e+08,277.247,646.303,277.247,646.303
0,332,511944,58135.7,60039.2,9.0937e+06,9.41179e+06,607198,607089,1.07532e+08,277.252,646.314,277.252,646.314
0,333,511851,58130.5,60033.9,9.09301e+06,9.41107e+06,607205,607097,1.07537e+08,277.254,646.32,277.254,646.32
0,334,511768,58125.4,60028.7,9.09238e+06,9.41042e+06,607207,607099,1.07541e+08,277.253,646.319,277.253,646.319
0,335,511696,58120.4,60023.6,9.09182e+06,9.40984e+06,607203,607096,1.07546e+08,277.251,646.314,277.251,646.314
0,336,511634,58115.6,60018.7,9.09134e+06,9.40934e+06,607193,607088,1.0755e+08,277.246,646.303,277.246,646.303
0,337,511586,58111,60014.1,9.09096e+06,9.40894e+06,607179,607075,1.07554e+08,277.239,646.289,277.239,646.289
0,338,511551,58106.9,60010,9.09068e+06,9.40865e+06,607160,607057,1.07558e+08,277.23,646.269,264.878,646.269
0,339,511530,58103.3,60006.4,9.0905e+06,9.40847e+06,607137,607036,1.07561e+08,277.22,646.247,276.61,646.247
0,340,511525,58100.1,60003.3,9.09045e+06,9.40841e+06,607110,607011,1.07565e+08,277.208,646.221,268.836,646.221
0,341,511534,58097.6,60000.9,9.0905e+06,9.40847e+06,607081,606983,1.07568e+08,277.195,646.193,264.249,646.193
0,342,511558,58095.8,59999.1,9.09068e+06,9.40866e+06,607049,606953,1.0757e+08,277.181,646.163,281.056,646.163
0,343,511597,58094.7,59998.1,9.09098e+06,9.40897e+06,607016,606921,1.07573e+08,277.167,646.131,262.033,646.131
0,344,511651,58094.3,59997.9,9.09141e+06,9.40941e+06,606981,606888,1.07575e+08,277.153,646.099,279.965,646.099
0,345,511719,58094.7,59998.5,9.09194e+06,9.40996e+06,606947,606855,1.07577e+08,277.138,646.068,269.443,646.068
0,346,511800,58095.9,59999.9,9.09259e+06,9.41064e+06,606912,606822,1.07578e+08,277.124,646.037,277.124,646.037
0,347,511893,58097.9,60002.1,9.09335e+06,9.41142e+06,606879,606791,1.0758e+08,277.111,646.007,277.111,646.007
0,348,511997,58100.7,60005.2,9.0942e+06,9.41231e+06,606848,606761,1.07581e+08,277.098,645.98,280.966,645.98
0,349,512111,58104.2,60009,9.09514e+06,9.41329e+06,606820,606734,1.07582e+08,277.087,645.955,264.469,645.955
0,350,512233,58108.6,60013.6,9.09616e+06,9.41435e+06,606794,606709,1.07582e+08,277.078,645.934,275.93,645.934
0,351,512362,58113.6,60018.9,9.09725e+06,9.41548e+06,606773,606688,1.07583e+08,277.07,645.917,280.582,645.917
0,352,512496,58119.3,60024.9,9.09838e+06,9.41666e+06,606755,606671,1.07583e+08,277.064,645.904,277.064,645.904
0,353,512634,58125.6,60031.5,9.09956e+06,9.41788e+06,606742,606659,1.07583e+08,277.06,645.896,277.06,645.896
0,354,512773,58132.4,60038.6,9.10076e+06,9.41913e+06,606735,606652,1.07584e+08,277.058,645.893,277.058,645.893
0,355,512911,58139.7,60046.2,9.10198e+06,9.42039e+06,606732,606650,1.07584e+08,277.059,645.896,277.059,645.896
0,356,513047,58147.3,60054.1,9.10318e+06,9.42165e+06,606736,606653,1.07584e+08,277.063,645.904,277.063,645.904
0,357,513180,58155.2,60062.3,9.10437e+06,9.42288e+06,606745,606662,1.07584e+08,277.068,645.917,277.068,645.917
0,358,513307,58163.3,60070.7,9.10553e+06,9.42408e+06,606760,606676,1.07584e+08,277.077,645.937,277.077,645.937
0,359,513426,58171.6,60079.1,9.10664e+06,9.42523e+06,606781,606696,1.07584e+08,277.088,645.962,277.088,645.962
0,360,513536,58179.8,60087.6,9.10769e+06,9.42632e+06,606808,606722,1.07584e+08,277.101,645.992,277.101,645.992
0,361,513636,58187.9,60095.9,9.10866e+06,9.42733e+06,606840,606753,1.07585e+08,277.117,646.028,277.117,646.028
0,362,513725,58195.8,60104,9.10955e+06,9.42826e+06,606877,606790,1.07586e+08,277.135,646.069,277.135,646.069
0,363,513801,58203.5,60111.7,9.11034e+06,9.42908e+06,606920,606831,1.07586e+08,277.155,646.114,277.155,646.114
0,364,513863,58210.7,60119.1,9.11103e+06,9.42979e+06,606967,606876,1.07587e+08,277.176,646.163,277.176,646.163
0,365,513911,58217.5,60126,9.11161e+06,9.43039e+06,607018,606926,1.07588e+08,277.2,646.216,277.2,646.216
0,366,513943,58223.8,60132.3,9.11207e+06,9.43087e+06,607072,606978,1.0759e+08,277.224,646.272,277.224,646.272
0,367,513961,58229.4,60138,9.1124e+06,9.43122e+06,607129,607034,1.07592e+08,277.25,646.33,277.25,646.33
0,368,513963,58234.4,60143,9.11262e+06,9.43143e+06,607189,607092,1.07593e+08,277.277,646.39,277.277,646.39
0,369,513951,58238.7,60147.2,9.1127e+06,9.43152e+06,607250,607151,1.07596e+08,277.304,646.452,277.304,646.452
0,370,513923,58242.2,60150.6,9.11267e+06,9.43148e+06,607311,607211,1.07598e+08,277.331,646.513,277.331,646.513
0,371,513882,58244.9,60153.2,9.11251e+06,9.43132e+06,607373,607271,1.07601e+08,277.358,646.574,277.358,646.574
0,372,513827,58246.8,60155,9.11224e+06,9.43103e+06,607434,607331,1.07603e+08,277.385,646.635,277.385,646.635
0,373,513759,58247.9,60156,9.11186e+06,9.43064e+06,607494,607389,1.07607e+08,277.411,646.693,277.411,646.693
0,374,513680,58248.2,60156.1,9.11137e+06,9.43013e+06,607552,607445,1.0761e+08,277.435,646.749,277.435,646.749
0,375,513592,58247.7,60155.4,9.1108e+06,9.42953e+06,607607,607499,1.07613e+08,277.459,646.802,277.459,646.802
0,376,513495,58246.4,60154,9.11014e+06,9.42884e+06,607659,607550,1.07617e+08,277.481,646.852,277.481,646.852
0,377,513391,58244.4,60151.8,9.10941e+06,9.42809e+06,607706,607597,1.07621e+08,277.501,646.898,277.501,646.898
0,378,513282,58241.7,60148.9,9.10863e+06,9.42727e+06,607750,607639,1.07625e+08,277.519,646.938,277.519,646.938
0,379,513169,58238.4,60145.4,9.1078e+06,9.42641e+06,607788,607677,1.07629e+08,277.534,646.974,277.534,646.974
0,380,513055,58234.6,60141.4,9.10694e+06,9.42552e+06,607821,607710,1.07633e+08,277.548,647.005,277.548,647.005
0,381,512941,58230.3,60136.8,9.10607e+06,9.42461e+06,607849,607737,1.07637e+08,277.559,647.03,277.559,647.03
0,382,512829,58225.6,60132,9.1052e+06,9.4237e+06,607870,607759,1.07641e+08,277.567,647.049,277.567,647.049
0,383,512721,58220.6,60126.8,9.10435e+06,9.42281e+06,607886,607775,1.07645e+08,277.573,647.062,277.573,647.062
0,384,512618,58215.4,60121.4,9.10352e+06,9.42196e+06,607895,607785,1.07649e+08,277.576,647.07,277.576,647.07
0,385,512522,58210,60115.9,9.10274e+06,9.42114e+06,607899,607789,1.07652e+08,277.577,647.071,277.577,647.071
0,386,512435,58204.7,60110.5,9.10202e+06,9.42039e+06,607896,607788,1.07656e+08,277.575,647.067,277.575,647.067
0,387,512359,58199.4,60105.1,9.10136e+06,9.41971e+06,607888,607780,1.07659e+08,277.57,647.058,277.57,647.058
0,388,512293,58194.3,60099.9,9.10079e+06,9.41912e+06,607875,607768,1.07663e+08,277.563,647.043,277.563,647.043
0,389,512240,58189.5,60095.1,9.10031e+06,9.41862e+06,607856,607751,1.07666e+08,277.555,647.024,277.555,647.024
0,390,512201,58185.1,60090.6,9.09993e+06,9.41823e+06,607833,607729,1.07669e+08,277.544,647,277.544,647
0,391,512175,58181,60086.5,9.09966e+06,9.41795e+06,607805,607702,1.07671e+08,277.531,646.973,274.963,646.973
0,392,512164,58177.5,60083.1,9.09951e+06,9.41778e+06,607774,607673,1.07674e+08,277.518,646.942,276.707,646.942
0,393,512168,58174.6,60080.2,9.09947e+06,9.41774e+06,607739,607640,1.07676e+08,277.503,646.909,289.103,646.909
0,394,512187,58172.3,60078,9.09955e+06,9.41783e+06,607703,607605,1.07678e+08,277.487,646.874,269.526,646.874
0,395,512221,58170.7,60076.5,9.09975e+06,9.41804e+06,607664,607568,1.07679e+08,277.47,646.837,265.568,646.837
0,396,512269,58169.8,60075.8,9.10008e+06,9.41838e+06,607625,607530,1.07681e+08,277.453,646.8,263.159,646.8
0,397,512331,58169.7,60075.8,9.10052e+06,9.41884e+06,607585,607492,1.07681e+08,277.437,646.762,263.005,646.762
0,398,512406,58170.3,60076.7,9.10108e+06,9.41942e+06,607546,607454,1.07682e+08,277.42,646.726,277.42,646.726
0,399,512494,58171.8,60078.3,9.10174e+06,9.42011e+06,607507,607417,1.07683e+08,277.404,646.691,277.404,646.691
0,400,512592,58174,60080.8,9.1025e+06,9.4209e+06,607471,607382,1.07683e+08,277.39,646.658,277.39,646.658
0,401,512700,58177,60084,9.10334e+06,9.42178e+06,607437,607349,1.07683e+08,277.376,646.627,277.452,646.627
0,402,512817,58180.7,60088,9.10427e+06,9.42274e+06,607405,607319,1.07683e+08,277.364,646.6,277.364,646.6
0,403,512940,58185.1,60092.6,9.10527e+06,9.42378e+06,607378,607292,1.07682e+08,277.353,646.577,277.353,646.577
0,404,513069,58190.1,60098,9.10632e+06,9.42487e+06,607354,607269,1.07681e+08,277.344,646.558,277.344,646.558
0,405,513200,58195.7,60103.9,9.10741e+06,9.426e+06,607336,607251,1.07681e+08,277.338,646.543,277.338,646.543
0,406,513334,58201.9,60110.3,9.10852e+06,9.42716e+06,607322,607237,1.0768e+08,277.333,646.534,277.333,646.534
0,407,513467,58208.5,60117.2,9.10965e+06,9.42834e+06,607313,607229,1.07679e+08,277.331,646.529,277.331,646.529
0,408,513597,58215.4,60124.4,9.11078e+06,9.4295e+06,607310,607226,1.07678e+08,277.332,646.531,277.332,646.531
0,409,513724,58222.7,60131.8,9.11188e+06,9.43065e+06,607313,607228,1.07677e+08,277.335,646.537,277.335,646.537
0,410,513846,58230.1,60139.5,9.11296e+06,9.43177e+06,607322,607236,1.07676e+08,277.34,646.55,277.34,646.55
0,411,513960,58237.5,60147.2,9.11399e+06,9.43284e+06,607336,607250,1.07675e+08,277.348,646.568,277.348,646.568
0,412,514064,58245,60154.9,9.11495e+06,9.43384e+06,607356,607269,1.07674e+08,277.358,646.591,277.358,646.591
0,413,514159,58252.4,60162.4,9.11585e+06,9.43477e+06,607381,607294,1.07674e+08,277.371,646.619,277.371,646.619
0,414,514242,58259.6,60169.7,9.11665e+06,9.43561e+06,607412,607323,1.07673e+08,277.386,646.653,277.386,646.653
0,415,514312,58266.4,60176.7,9.11737e+06,9.43635e+06,607448,607357,1.07673e+08,277.402,646.691,277.402,646.691
0,416,514368,58272.9,60183.2,9.11797e+06,9.43698e+06,607488,607396,1.07673e+08,277.421,646.733,277.421,646.733
0,417,514410,58278.9,60189.3,9.11847e+06,9.43749e+06,607532,607438,1.07672e+08,277.441,646.778,277.441,646.778
0,418,514436,58284.3,60194.7,9.11884e+06,9.43788e+06,607579,607484,1.07673e+08,277.463,646.826,277.463,646.826
0,419,514448,58289.1,60199.5,9.11909e+06,9.43814e+06,607630,607533,1.07673e+08,277.485,646.877,277.485,646.877
0,420,514443,58293.3,60203.6,9.11922e+06,9.43827e+06,607682,607584,1.07674e+08,277.508,646.93,277.508,646.93
0,421,514423,58296.7,60207,9.11922e+06,9.43826e+06,607736,607636,1.07674e+08,277.532,646.983,277.532,646.983
0,422,514389,58299.3,60209.5,9.11909e+06,9.43813e+06,607791,607689,1.07675e+08,277.556,647.037,277.556,647.037
0,423,514339,58301,60211.1,9.11884e+06,9.43787e+06,607845,607742,1.07677e+08,277.58,647.09,277.58,647.09
0,424,514276,58302,60211.9,9.11847e+06,9.43748e+06,607899,607794,1.07678e+08,277.603,647.143,277.603,647.143
0,425,514200,58302.1,60211.8,9.11798e+06,9.43697e+06,607952,607845,1.0768e+08,277.625,647.193,277.625,647.193
0,426,514112,58301.4,60210.9,9.11739e+06,9.43636e+06,608002,607894,1.07681e+08,277.647,647.241,277.647,647.241
0,427,514014,58299.8,60209.1,9.1167e+06,9.43564e+06,608050,607941,1.07683e+08,277.667,647.286,277.667,647.286
0,428,513907,58297.4,60206.5,9.11593e+06,9.43484e+06,608094,607984,1.07685e+08,277.685,647.327,277.685,647.327
0,429,513792,58294.3,60203.2,9.11508e+06,9.43396e+06,608134,608023,1.07688e+08,277.702,647.364,277.702,647.364
0,430,513672,58290.5,60199.1,9.11417e+06,9.43301e+06,608170,608058,1.0769e+08,277.716,647.397,277.716,647.397
0,431,513548,58286,60194.3,9.11322e+06,9.43201e+06,608200,608088,1.07692e+08,277.728,647.424,277.728,647.424
0,432,513422,58280.9,60189,9.11222e+06,9.43098e+06,608225,608112,1.07694e+08,277.737,647.445,277.737,647.445
0,433,513295,58275.3,60183.2,9.11121e+06,9.42993e+06,608244,608131,1.07697e+08,277.744,647.461,277.744,647.461
0,434,513169,58269.2,60176.9,9.1102e+06,9.42887e+06,608258,608145,1.07699e+08,277.749,647.471,277.749,647.471
0,435,513047,58262.9,60170.3,9.10919e+06,9.42783e+06,608265,608152,1.07701e+08,277.75,647.475,277.75,647.475
0,436,512930,58256.2,60163.4,9.10821e+06,9.42681e+06,608265,608153,1.07703e+08,277.749,647.472,277.749,647.472
0,437,512820,58249.4,60156.4,9.10727e+06,9.42583e+06,608260,608148,1.07705e+08,277.746,647.464,277.746,647.464
0,438,512718,58242.6,60149.4,9.10638e+06,9.4249e+06,608248,608137,1.07707e+08,277.739,647.449,277.739,647.449
0,439,512625,58235.7,60142.4,9.10555e+06,9.42404e+06,608231,608121,1.07708e+08,277.73,647.429,277.73,647.429
0,440,512543,58229,60135.6,9.1048e+06,9.42326e+06,608207,608098,1.0771e+08,277.719,647.403,274.763,647.403
0,441,512473,58222.6,60129,9.10414e+06,9.42257e+06,608178,608071,1.07711e+08,277.705,647.373,280.601,647.373
0,442,512417,58216.4,60122.7,9.10357e+06,9.42199e+06,608144,608038,1.07712e+08,277.689,647.337,264.949,647.337
0,443,512373,58210.6,60116.9,9.1031e+06,9.4215e+06,608106,608001,1.07712e+08,277.672,647.298,293.917,647.298
0,444,512344,58205.3,60111.5,9.10275e+06,9.42113e+06,608064,607960,1.07712e+08,277.653,647.255,283.191,651.911
0,445,512330,58200.5,60106.8,9.1025e+06,9.42088e+06,608018,607916,1.07712e+08,277.632,647.208,274.483,661.268
0,446,512330,58196.3,60102.6,9.10238e+06,9.42076e+06,607969,607869,1.07712e+08,277.61,647.16,290.451,637.765
0,447,512346,58192.8,60099.1,9.10237e+06,9.42075e+06,607918,607819,1.07711e+08,277.588,647.109,271.763,652.561
0,448,512375,58189.9,60096.3,9.10249e+06,9.42087e+06,607865,607768,1.0771e+08,277.565,647.057,284.878,647.074
0,449,512419,58187.8,60094.3,9.10272e+06,9.42111e+06,607812,607716,1.07708e+08,277.542,647.005,282.272,664.079
0,450,512475,58186.4,60093.1,9.10306e+06,9.42146e+06,607758,607665,1.07707e+08,277.519,646.953,303.73,646.953
0,451,512544,58185.8,60092.6,9.1035e+06,9.42193e+06,607706,607614,1.07705e+08,277.496,646.903,280.678,646.903
0,452,512624,58186,60092.9,9.10405e+06,9.4225e+06,607655,607564,1.07702e+08,277.475,646.854,277.154,646.854
0,453,512714,58186.9,60094,9.10468e+06,9.42316e+06,607606,607516,1.077e+08,277.454,646.807,270.66,646.807
0,454,512813,58188.5,60095.8,9.1054e+06,9.4239e+06,607560,607471,1.07697e+08,277.435,646.763,286.881,646.763
0,455,512919,58190.8,60098.4,9.10618e+06,9.42472e+06,607517,607429,1.07694e+08,277.417,646.723,258.858,646.723
0,456,513030,58193.8,60101.5,9.10702e+06,9.42559e+06,607478,607391,1.07691e+08,277.401,646.687,284.866,646.687
0,457,513144,58197.3,60105.3,9.1079e+06,9.42651e+06,607443,607357,1.07688e+08,277.387,646.655,276.721,646.655
0,458,513261,58201.4,60109.6,9.10882e+06,9.42746e+06,607414,607327,1.07685e+08,277.375,646.629,275.61,646.629
0,459,513378,58206,60114.3,9.10974e+06,9.42842e+06,607389,607303,1.07681e+08,277.366,646.607,277.366,646.607
0,460,513492,58210.9,60119.4,9.11067e+06,9.42939e+06,607370,607284,1.07678e+08,277.359,646.591,277.359,646.591
0,461,513604,58216.1,60124.8,9.11158e+06,9.43034e+06,607357,607271,1.07675e+08,277.354,646.58,277.354,646.58
0,462,513710,58221.5,60130.4,9.11247e+06,9.43126e+06,607350,607263,1.07671e+08,277.352,646.575,277.352,646.575
0,463,513809,58227,60136,9.11331e+06,9.43213e+06,607348,607261,1.07668e+08,277.352,646.576,277.352,646.576
0,464,513900,58232.5,60141.7,9.1141e+06,9.43295e+06,607352,607264,1.07665e+08,277.355,646.582,277.355,646.582
0,465,513981,58237.9,60147.3,9.11482e+06,9.4337e+06,607362,607273,1.07662e+08,277.36,646.593,277.36,646.593
0,466,514051,58243.2,60152.6,9.11546e+06,9.43436e+06,607377,607287,1.07659e+08,277.368,646.609,277.368,646.609
0,467,514108,58248.2,60157.7,9.116e+06,9.43493e+06,607397,607306,1.07656e+08,277.377,646.63,277.377,646.63
0,468,514152,58252.9,60162.4,9.11645e+06,9.4354e+06,607422,607329,1.07654e+08,277.389,646.656,277.389,646.656
0,469,514182,58257.1,60166.6,9.11679e+06,9.43575e+06,607451,607357,1.07652e+08,277.402,646.685,277.402,646.685
0,470,514197,58260.8,60170.2,9.11702e+06,9.43598e+06,607484,607388,1.0765e+08,277.416,646.717,277.416,646.717
0,471,514197,58263.9,60173.3,9.11713e+06,9.4361e+06,607520,607422,1.07648e+08,277.432,646.752,277.432,646.752
0,472,514182,58266.3,60175.7,9.11712e+06,9.43608e+06,607558,607459,1.07647e+08,277.449,646.789,277.449,646.789
0,473,514152,58268.1,60177.3,9.11698e+06,9.43595e+06,607598,607497,1.07646e+08,277.466,646.828,277.466,646.828
0,474,514108,58269.1,60178.2,9.11673e+06,9.43568e+06,607639,607537,1.07645e+08,277.484,646.867,277.484,646.867
0,475,514049,58269.4,60178.3,9.11636e+06,9.4353e+06,607681,607577,1.07644e+08,277.501,646.906,277.501,646.906
0,476,513977,58268.9,60177.6,9.11588e+06,9.43479e+06,607723,607617,1.07644e+08,277.519,646.945,277.519,646.945
0,477,513892,58267.5,60176,9.11529e+06,9.43418e+06,607763,607656,1.07644e+08,277.535,646.982,277.535,646.982
0,478,513796,58265.4,60173.7,9.1146e+06,9.43346e+06,607802,607694,1.07645e+08,277.551,647.017,277.551,647.017
0,479,513690,58262.5,60170.6,9.11382e+06,9.43265e+06,607839,607729,1.07645e+08,277.566,647.05,277.566,647.05
0,480,513576,58258.9,60166.7,9.11296e+06,9.43175e+06,607872,607762,1.07646e+08,277.579,647.08,277.579,647.08
0,481,513454,58254.5,60162,9.11203e+06,9.43079e+06,607902,607791,1.07647e+08,277.591,647.105,277.591,647.105
0,482,513328,58249.5,60156.7,9.11105e+06,9.42977e+06,607928,607817,1.07648e+08,277.6,647.127,277.6,647.127
0,483,513197,58243.9,60150.8,9.11003e+06,9.42871e+06,607950,607838,1.0765e+08,277.608,647.144,277.608,647.144
0,484,513065,58237.7,60144.4,9.10898e+06,9.42761e+06,607967,607854,1.07651e+08,277.614,647.157,277.614,647.157
0,485,512933,58231.1,60137.5,9.10792e+06,9.42651e+06,607978,607866,1.07653e+08,277.617,647.164,277.617,647.164
0,486,512803,58224.1,60130.3,9.10686e+06,9.42541e+06,607984,607872,1.07654e+08,277.618,647.165,277.618,647.165
0,487,512677,58216.9,60122.8,9.10582e+06,9.42433e+06,607985,607873,1.07656e+08,277.616,647.162,277.616,647.162
0,488,512556,58209.4,60115.1,9.10481e+06,9.42329e+06,607979,607868,1.07658e+08,277.612,647.153,277.612,647.153
0,489,512442,58201.9,60107.3,9.10385e+06,9.42229e+06,607969,607858,1.0766e+08,277.606,647.138,277.606,647.138
0,490,512338,58194.3,60099.6,9.10296e+06,9.42136e+06,607952,607843,1.07661e+08,277.597,647.118,277.597,647.118
0,491,512243,58186.9,60092,9.10214e+06,9.4205e+06,607931,607822,1.07663e+08,277.586,647.093,277.586,647.093
0,492,512160,58179.6,60084.6,9.1014e+06,9.41974e+06,607904,607796,1.07665e+08,277.573,647.063,277.573,647.063
0,493,512090,58172.7,60077.5,9.10076e+06,9.41908e+06,607872,607766,1.07666e+08,277.557,647.029,277.557,647.029
0,494,512033,58166.1,60070.9,9.10023e+06,9.41853e+06,607836,607732,1.07667e+08,277.541,646.992,277.541,646.992
0,495,511991,58160,60064.7,9.09982e+06,9.4181e+06,607797,607694,1.07669e+08,277.522,646.95,277.522,646.95
0,496,511964,58154.5,60059.2,9.09953e+06,9.41779e+06,607754,607653,1.0767e+08,277.503,646.906,277.503,646.906
0,497,511952,58149.6,60054.3,9.09936e+06,9.41762e+06,607708,607609,1.07671e+08,277.482,646.86,276.643,646.86
0,498,511956,58145.4,60050.1,9.09932e+06,9.41758e+06,607661,607563,1.07671e+08,277.461,646.812,297.661,646.812
0,499,511975,58141.9,60046.7,9.09941e+06,9.41768e+06,607613,607517,1.07672e+08,277.439,646.764,259.384,646.764
0,500,512009,58139.3,60044.2,9.09963e+06,9.4179e+06,607564,607470,1.07672e+08,277.418,646.716,295.982,646.716
0,501,512058,58137.4,60042.5,9.09997e+06,9.41826e+06,607515,607423,1.07672e+08,277.396,646.668,285.351,646.668
0,502,512120,58136.4,60041.6,9.10044e+06,9.41875e+06,607467,607376,1.07672e+08,277.375,646.621,279.034,646.621
0,503,512195,58136.2,60041.6,9.10102e+06,9.41935e+06,607420,607331,1.07672e+08,277.355,646.576,284.64,646.576
0,504,512282,58136.8,60042.4,9.1017e+06,9.42006e+06,607376,607288,1.07672e+08,277.336,646.534,278.623,646.534
0,505,512379,58138.3,60044,9.10249e+06,9.42088e+06,607334,607247,1.07671e+08,277.319,646.494,272.287,646.494
0,506,512485,58140.5,60046.5,9.10336e+06,9.42179e+06,607295,607210,1.0767e+08,277.303,646.458,277.303,646.458
0,507,512599,58143.5,60049.7,9.10431e+06,9.42277e+06,607260,607176,1.07669e+08,277.289,646.427,277.289,646.427
0,508,512719,58147.2,60053.7,9.10532e+06,9.42382e+06,607230,607147,1.07668e+08,277.276,646.4,277.276,646.4
0,509,512843,58151.6,60058.3,9.10638e+06,9.42493e+06,607205,607122,1.07667e+08,277.267,646.378,277.267,646.378
0,510,512969,58156.5,60063.4,9.10748e+06,9.42607e+06,607185,607103,1.07666e+08,277.259,646.361,277.259,646.361
0,511,513095,58161.9,60069.1,9.10859e+06,9.42722e+06,607171,607089,1.07665e+08,277.254,646.35,277.254,646.35
0,512,513221,58167.8,60075.2,9.10971e+06,9.42839e+06,607163,607080,1.07664e+08,277.252,646.345,277.252,646.345
0,513,513343,58174,60081.6,9.11082e+06,9.42954e+06,607160,607078,1.07663e+08,277.252,646.346,277.252,646.346
0,514,513459,58180.4,60088.2,9.1119e+06,9.43066e+06,607164,607081,1.07662e+08,277.255,646.352,277.255,646.352
0,515,513570,58187,60095,9.11295e+06,9.43175e+06,607174,607090,1.07661e+08,277.261,646.365,277.261,646.365
0,516,513672,58193.6,60101.8,9.11393e+06,9.43277e+06,607190,607106,1.0766e+08,277.269,646.383,277.269,646.383
0,517,513764,58200.2,60108.5,9.11486e+06,9.43373e+06,607212,607126,1.07659e+08,277.279,646.407,277.279,646.407
0,518,513844,58206.6,60115.1,9.1157e+06,9.4346e+06,607239,607153,1.07658e+08,277.292,646.437,277.292,646.437
0,519,513913,58212.7,60121.3,9.11644e+06,9.43538e+06,607272,607184,1.07658e+08,277.307,646.471,277.307,646.471
0,520,513968,58218.6,60127.2,9.11709e+06,9.43605e+06,607309,607220,1.07657e+08,277.325,646.509,277.325,646.509
0,521,514009,58224,60132.7,9.11763e+06,9.4366e+06,607351,607260,1.07657e+08,277.343,646.552,277.343,646.552
0,522,514034,58228.9,60137.6,9.11805e+06,9.43704e+06,607396,607304,1.07657e+08,277.364,646.597,277.364,646.597
0,523,514045,58233.2,60141.8,9.11834e+06,9.43734e+06,607445,607351,1.07658e+08,277.385,646.646,277.385,646.646
0,524,514040,58236.8,60145.4,9.11851e+06,9.43752e+06,607496,607400,1.07658e+08,277.408,646.696,277.408,646.696
0,525,514019,58239.8,60148.3,9.11856e+06,9.43756e+06,607548,607451,1.07659e+08,277.431,646.748,277.431,646.748
0,526,513984,58241.9,60150.4,9.11847e+06,9.43747e+06,607602,607503,1.0766e+08,277.454,646.801,277.454,646.801
0,527,513933,58243.3,60151.6,9.11826e+06,9.43725e+06,607657,607556,1.07661e+08,277.477,646.853,277.477,646.853
0,528,513869,58243.9,60152,9.11793e+06,9.43691e+06,607710,607608,1.07662e+08,277.5,646.905,277.5,646.905
0,529,513791,58243.6,60151.5,9.11748e+06,9.43644e+06,607763,607659,1.07664e+08,277.522,646.955,277.522,646.955
0,530,513701,58242.5,60150.2,9.11692e+06,9.43585e+06,607813,607708,1.07665e+08,277.544,647.002,277.544,647.002
0,531,513601,58240.5,60148,9.11626e+06,9.43516e+06,607861,607755,1.07667e+08,277.564,647.047,277.564,647.047
0,532,513491,58237.8,60145,9.1155e+06,9.43438e+06,607906,607799,1.07669e+08,277.582,647.088,277.582,647.088
0,533,513372,58234.3,60141.3,9.11467e+06,9.43351e+06,607947,607838,1.07671e+08,277.598,647.126,277.598,647.126
0,534,513248,58230,60136.7,9.11376e+06,9.43257e+06,607983,607874,1.07673e+08,277.613,647.158,277.613,647.158
0,535,513119,58225.1,60131.5,9.1128e+06,9.43157e+06,608014,607904,1.07675e+08,277.625,647.185,277.625,647.185
0,536,512987,58219.6,60125.7,9.1118e+06,9.43052e+06,608040,607930,1.07677e+08,277.635,647.207,277.635,647.207
0,537,512854,58213.5,60119.4,9.11077e+06,9.42945e+06,608060,607949,1.07679e+08,277.642,647.223,277.642,647.223
0,538,512722,58206.9,60112.6,9.10972e+06,9.42836e+06,608074,607963,1.07681e+08,277.646,647.233,277.646,647.233
0,539,512592,58200,60105.4,9.10868e+06,9.42728e+06,608081,607971,1.07682e+08,277.648,647.236,277.648,647.236
0,540,512467,58192.8,60097.9,9.10765e+06,9.42621e+06,608082,607972,1.07684e+08,277.647,647.234,277.647,647.234
0,541,512347,58185.4,60090.3,9.10665e+06,9.42517e+06,608077,607967,1.07685e+08,277.643,647.225,277.643,647.225
0,542,512235,58177.8,60082.5,9.10569e+06,9.42417e+06,608065,607956,1.07686e+08,277.636,647.209,289.215,647.209
0,543,512132,58170.3,60074.8,9.10479e+06,9.42323e+06,608046,607938,1.07687e+08,277.626,647.188,279.364,647.188
0,544,512039,58162.9,60067.2,9.10395e+06,9.42236e+06,608022,607915,1.07688e+08,277.614,647.16,276.243,647.16
0,545,511957,58155.6,60059.7,9.10319e+06,9.42157e+06,607992,607886,1.07688e+08,277.6,647.128,281.82,647.128
0,546,511888,58148.6,60052.6,9.10251e+06,9.42087e+06,607956,607851,1.07688e+08,277.583,647.09,282.502,647.09
0,547,511832,58141.9,60045.8,9.10193e+06,9.42027e+06,607915,607812,1.07687e+08,277.564,647.047,285.748,656.903
0,548,511790,58135.6,60039.5,9.10145e+06,9.41977e+06,607870,607768,1.07686e+08,277.544,647.001,283.616,650.111
0,549,511761,58129.8,60033.7,9.10107e+06,9.41938e+06,607820,607720,1.07685e+08,277.521,646.95,296.011,652.175
0,550,511748,58124.6,60028.4,9.1008e+06,9.4191e+06,607767,607668,1.07683e+08,277.498,646.896,280.856,635.854
0,551,511748,58120,60023.8,9.10064e+06,9.41894e+06,607711,607614,1.07681e+08,277.473,646.84,286.591,664.015
0,552,511764,58116,60019.8,9.1006e+06,9.41889e+06,607653,607557,1.07679e+08,277.447,646.782,291.017,667.943
0,553,511792,58112.7,60016.6,9.10066e+06,9.41896e+06,607593,607499,1.07676e+08,277.421,646.723,272.413,638.822
0,554,511834,58110.1,60014.1,9.10083e+06,9.41913e+06,607533,607440,1.07672e+08,277.395,646.663,287.517,646.663
0,555,511889,58108.2,60012.3,9.10109e+06,9.41941e+06,607472,607381,1.07669e+08,277.369,646.604,275.064,646.604
0,556,511954,58107.1,60011.3,9.10146e+06,9.41979e+06,607413,607323,1.07665e+08,277.343,646.546,273.314,646.546
0,557,512030,58106.8,60011.1,9.1019e+06,9.42026e+06,607355,607266,1.0766e+08,277.318,646.49,275.314,646.49
0,558,512114,58107.1,60011.5,9.10242e+06,9.4208e+06,607299,607211,1.07656e+08,277.295,646.436,282.28,646.436
0,559,512205,58108.1,60012.7,9.10301e+06,9.42141e+06,607246,607159,1.07651e+08,277.272,646.385,277.272,646.385
0,560,512302,58109.7,60014.4,9.10365e+06,9.42208e+06,607196,607110,1.07645e+08,277.251,646.337,277.251,646.337
0,561,512403,58111.8,60016.8,9.10432e+06,9.42278e+06,607150,607064,1.0764e+08,277.232,646.293,277.232,646.293
0,562,512505,58114.5,60019.6,9.10503e+06,9.42351e+06,607108,607023,1.07634e+08,277.215,646.253,277.215,646.253
0,563,512608,58117.7,60022.9,9.10574e+06,9.42426e+06,607071,606986,1.07628e+08,277.199,646.218,277.199,646.218
0,564,512710,58121.2,60026.6,9.10645e+06,9.425e+06,607039,606953,1.07622e+08,277.186,646.188,277.186,646.188
0,565,512808,58124.9,60030.5,9.10715e+06,9.42572e+06,607012,606926,1.07616e+08,277.175,646.162,277.175,646.162
0,566,512901,58128.9,60034.6,9.10781e+06,9.42641e+06,606990,606904,1.0761e+08,277.167,646.142,277.167,646.142
0,567,512988,58133,60038.8,9.10842e+06,9.42705e+06,606974,606887,1.07604e+08,277.161,646.127,277.161,646.127
0,568,513066,58137.1,60042.9,9.10898e+06,9.42763e+06,606962,606875,1.07598e+08,277.157,646.117,277.157,646.117
0,569,513134,58141,60047,9.10946e+06,9.42813e+06,606956,606868,1.07592e+08,277.155,646.112,277.155,646.112
0,570,513191,58144.9,60050.8,9.10986e+06,9.42855e+06,606955,606866,1.07586e+08,277.155,646.112,277.155,646.112
0,571,513235,58148.4,60054.4,9.11016e+06,9.42886e+06,606959,606868,1.0758e+08,277.157,646.115,277.157,646.115
0,572,513267,58151.5,60057.5,9.11036e+06,9.42907e+06,606967,606874,1.07574e+08,277.161,646.123,277.161,646.123
0,573,513284,58154.3,60060.2,9.11044e+06,9.42916e+06,606979,606885,1.07569e+08,277.166,646.134,277.166,646.134
0,574,513286,58156.4,60062.3,9.11041e+06,9.42912e+06,606994,606898,1.07563e+08,277.173,646.148,277.173,646.148
0,575,513273,58158,60063.7,9.11025e+06,9.42896e+06,607012,606915,1.07558e+08,277.18,646.164,277.18,646.164
0,576,513244,58158.9,60064.5,9.10996e+06,9.42866e+06,607032,606933,1.07553e+08,277.189,646.182,277.189,646.182
0,577,513200,58159.1,60064.5,9.10955e+06,9.42823e+06,607054,606953,1.07548e+08,277.198,646.201,277.198,646.201
0,578,513141,58158.5,60063.7,9.10901e+06,9.42767e+06,607076,606974,1.07543e+08,277.207,646.22,277.207,646.22
0,579,513067,58157.1,60062.1,9.10834e+06,9.42697e+06,607099,606995,1.07539e+08,277.216,646.239,277.216,646.239
0,580,512980,58154.9,60059.7,9.10754e+06,9.42615e+06,607121,607015,1.07534e+08,277.225,646.257,277.225,646.257
0,581,512879,58151.9,60056.4,9.10664e+06,9.42521e+06,607141,607034,1.0753e+08,277.232,646.274,277.232,646.274
0,582,512766,58148,60052.2,9.10562e+06,9.42415e+06,607160,607052,1.07526e+08,277.239,646.288,277.239,646.288
0,583,512642,58143.3,60047.2,9.1045e+06,9.42299e+06,607176,607067,1.07523e+08,277.245,646.299,277.245,646.299
0,584,512510,58137.8,60041.3,9.10329e+06,9.42173e+06,607189,607079,1.07519e+08,277.249,646.307,277.249,646.307
0,585,512369,58131.6,60034.7,9.10201e+06,9.4204e+06,607199,607087,1.07516e+08,277.251,646.311,277.251,646.311
0,586,512222,58124.6,60027.4,9.10065e+06,9.41899e+06,607203,607091,1.07512e+08,277.251,646.31,277.251,646.31
0,587,512071,58117,60019.4,9.09925e+06,9.41754e+06,607203,607090,1.07509e+08,277.249,646.304,277.249,646.304
0,588,511917,58108.7,60010.8,9.09781e+06,9.41604e+06,607198,607084,1.07506e+08,277.245,646.293,277.245,646.293
0,589,511762,58100,60001.7,9.09634e+06,9.41451e+06,607187,607073,1.07503e+08,277.238,646.276,277.238,646.276
0,590,511608,58090.8,59992.2,9.09487e+06,9.41298e+06,607170,607056,1.07499e+08,277.228,646.254,277.228,646.254
0,591,511457,58081.2,59982.3,9.0934e+06,9.41146e+06,607147,607033,1.07496e+08,277.216,646.225,277.216,646.225
0,592,511311,58071.4,59972.2,9.09195e+06,9.40996e+06,607118,607005,1.07493e+08,277.201,646.19,277.201,646.19
0,593,511171,58061.4,59961.9,9.09054e+06,9.40849e+06,607083,606970,1.07489e+08,277.183,646.15,277.183,646.15
0,594,511039,58051.4,59951.5,9.08918e+06,9.40708e+06,607041,606930,1.07486e+08,277.163,646.104,277.163,646.104
0,595,510917,58041.4,59941.3,9.08788e+06,9.40574e+06,606994,606883,1.07482e+08,277.141,646.052,277.141,646.052
0,596,510805,58031.5,59931.1,9.08666e+06,9.40447e+06,606941,606832,1.07478e+08,277.116,645.994,272.044,645.994
0,597,510705,58021.8,59921.2,9.08553e+06,9.40329e+06,606883,606775,1.07474e+08,277.089,645.932,260.142,645.932
0,598,510618,58012.4,59911.7,9.08449e+06,9.40222e+06,606820,606713,1.0747e+08,277.059,645.865,263.299,645.262
0,599,510545,58003.5,59902.6,9.08356e+06,9.40125e+06,606752,606647,1.07466e+08,277.028,645.794,297.362,640.739
0,600,510487,57995,59894,9.08274e+06,9.4004e+06,606681,606577,1.07461e+08,276.996,645.719,286.717,632.33
0,601,510443,57987.1,59886,9.08203e+06,9.39967e+06,606606,606504,1.07456e+08,276.962,645.642,289.274,677.506
0,602,510414,57979.9,59878.7,9.08145e+06,9.39907e+06,606529,606428,1.07451e+08,276.927,645.563,272.078,654.625
0,603,510401,57973.3,59872,9.08099e+06,9.3986e+06,606449,606351,1.07446e+08,276.891,645.481,291.744,628.971
0,604,510402,57967.4,59866.2,9.08066e+06,9.39825e+06,606369,606272,1.0744e+08,276.855,645.399,293.968,619.006
0,605,510418,57962.3,59861.1,9.08044e+06,9.39803e+06,606287,606192,1.07434e+08,276.819,645.317,273.103,650.027
0,606,510447,57958,59856.8,9.08034e+06,9.39793e+06,606206,606112,1.07428e+08,276.783,645.235,277.473,663.895
0,607,510489,57954.4,59853.3,9.08036e+06,9.39795e+06,606126,606033,1.07421e+08,276.748,645.155,249.743,665.265
0,608,510543,57951.7,59850.7,9.08047e+06,9.39808e+06,606047,605956,1.07415e+08,276.713,645.076,247.354,606.27
0,609,510608,57949.8,59848.8,9.08069e+06,9.3983e+06,605970,605880,1.07408e+08,276.68,644.999,261.148,642.258
0,610,510682,57948.6,59847.8,9.08099e+06,9.39862e+06,605896,605807,1.07401e+08,276.648,644.926,280.573,651.458
0,611,510764,57948.2,59847.4,9.08137e+06,9.39902e+06,605825,605737,1.07393e+08,276.617,644.856,302.736,654.41
0,612,510853,57948.4,59847.8,9.08181e+06,9.39948e+06,605758,605672,1.07386e+08,276.589,644.791,285.547,649.541
0,613,510945,57949.3,59848.9,9.0823e+06,9.39999e+06,605696,605610,1.07378e+08,276.562,644.73,277.907,665.532
0,614,511041,57950.8,59850.5,9.08283e+06,9.40055e+06,605639,605553,1.07371e+08,276.538,644.674,275.472,644.674
0,615,511137,57952.8,59852.6,9.08338e+06,9.40112e+06,605587,605502,1.07363e+08,276.516,644.623,272.555,644.623
0,616,511233,57955.2,59855.2,9.08394e+06,9.40171e+06,605541,605455,1.07356e+08,276.496,644.577,266.607,644.577
0,617,511326,57958,59858,9.08449e+06,9.40228e+06,605500,605414,1.07348e+08,276.479,644.538,280.975,644.538
0,618,511414,57961,59861.2,9.08503e+06,9.40284e+06,605465,605379,1.0734e+08,276.464,644.504,284.034,644.504
0,619,511497,57964.2,59864.5,9.08552e+06,9.40335e+06,605436,605350,1.07333e+08,276.452,644.476,274.465,644.476
0,620,511571,57967.4,59867.8,9.08596e+06,9.40382e+06,605414,605327,1.07325e+08,276.443,644.454,276.177,644.454
0,621,511637,57970.7,59871.1,9.08635e+06,9.40422e+06,605397,605309,1.07318e+08,276.436,644.437,276.436,644.437
0,622,511692,57973.8,59874.2,9.08665e+06,9.40454e+06,605385,605296,1.07311e+08,276.431,644.425,276.431,644.425
0,623,511734,57976.7,59877.1,9.08687e+06,9.40477e+06,605379,605289,1.07303e+08,276.429,644.418,276.429,644.418
0,624,511764,57979.3,59879.7,9.087e+06,9.4049e+06,605377,605286,1.07297e+08,276.429,644.416,276.429,644.416
0,625,511780,57981.5,59881.8,9.08701e+06,9.40492e+06,605381,605288,1.0729e+08,276.43,644.418,276.43,644.418
0,626,511782,57983.2,59883.4,9.08692e+06,9.40482e+06,605388,605293,1.07284e+08,276.433,644.423,276.433,644.423
0,627,511769,57984.3,59884.5,9.08671e+06,9.4046e+06,605398,605302,1.07278e+08,276.437,644.432,276.437,644.432
0,628,511741,57984.8,59884.8,9.08638e+06,9.40426e+06,605410,605313,1.07272e+08,276.442,644.442,328.606,337.14
0,629,511698,57984.6,59884.5,9.08593e+06,9.4038e+06,605425,605326,1.07266e+08,276.448,644.453,285.32,628.271
0,630,511641,57983.7,59883.4,9.08536e+06,9.40321e+06,605440,605340,1.07261e+08,276.454,644.466,268.625,655.79
0,631,511570,57982.1,59881.6,9.08468e+06,9.4025e+06,605457,605355,1.07256e+08,276.46,644.478,306.853,613.983
0,632,511486,57979.8,59879,9.08388e+06,9.40167e+06,605474,605370,1.07252e+08,276.466,644.491,292.924,619.767
0,633,511388,57976.7,59875.7,9.08298e+06,9.40073e+06,605491,605386,1.07247e+08,276.472,644.503,268.419,665.688
0,634,511278,57972.9,59871.5,9.08196e+06,9.39968e+06,605507,605400,1.07243e+08,276.478,644.514,217.987,671.546
0,635,511158,57968.2,59866.6,9.08086e+06,9.39853e+06,605521,605413,1.07239e+08,276.482,644.523,282.195,675.903
0,636,511029,57962.8,59860.8,9.07966e+06,9.39729e+06,605532,605423,1.07236e+08,276.485,644.529,272.537,558.133
0,637,510891,57956.7,59854.3,9.0784e+06,9.39598e+06,605539,605430,1.07232e+08,276.487,644.531,270.038,649.313
0,638,510748,57949.9,59847.2,9.07707e+06,9.3946e+06,605543,605433,1.07229e+08,276.487,644.529,290.575,621.403
0,639,510601,57942.4,59839.4,9.0757e+06,9.39317e+06,605542,605431,1.07226e+08,276.484,644.523,270.121,624.214
0,640,510450,57934.4,59831,9.07429e+06,9.39171e+06,605537,605426,1.07223e+08,276.48,644.512,253.174,622.573
0,641,510300,57925.9,59822.2,9.07286e+06,9.39022e+06,605527,605416,1.0722e+08,276.473,644.496,302.855,616.406
0,642,510150,57917,59813,9.07143e+06,9.38874e+06,605512,605400,1.07218e+08,276.464,644.475,243.145,651.004
0,643,510002,57907.8,59803.4,9.07e+06,9.38726e+06,605491,605379,1.07215e+08,276.453,644.448,251.43,598.509
0,644,509860,57898.3,59793.6,9.0686e+06,9.3858e+06,605464,605353,1.07212e+08,276.439,644.416,266.35,624.953
0,645,509723,57888.7,59783.7,9.06723e+06,9.38438e+06,605431,605321,1.07209e+08,276.423,644.378,269.866,640.67
0,646,509595,57879,59773.8,9.06592e+06,9.38302e+06,605393,605284,1.07206e+08,276.404,644.335,280.841,667.454
0,647,509475,57869.4,59763.9,9.06468e+06,9.38173e+06,605349,605241,1.07203e+08,276.383,644.287,267.385,663.078
0,648,509367,57859.9,59754.2,9.06351e+06,9.38052e+06,605300,605193,1.072e+08,276.36,644.233,296.652,636.227
0,649,509270,57850.6,59744.7,9.06243e+06,9.3794e+06,605246,605140,1.07197e+08,276.334,644.175,277.083,621.96
0,650,509187,57841.7,59735.6,9.06144e+06,9.37838e+06,605187,605083,1.07194e+08,276.307,644.113,310.651,598.99
0,651,509117,57833.2,59727,9.06057e+06,9.37747e+06,605124,605021,1.0719e+08,276.278,644.046,244.915,700.685
0,652,509062,57825.2,59718.9,9.05981e+06,9.37668e+06,605057,604956,1.07187e+08,276.247,643.977,265.813,687.884
0,653,509021,57817.8,59711.3,9.05916e+06,9.37602e+06,604988,604888,1.07183e+08,276.215,643.905,250.175,648.764
0,654,508996,57810.9,59704.5,9.05864e+06,9.37548e+06,604915,604817,1.07178e+08,276.183,643.83,272.808,668.2
0,655,508986,57804.8,59698.3,9.05825e+06,9.37507e+06,604841,604744,1.07174e+08,276.149,643.754,285.817,660.433
0,656,508991,57799.4,59692.9,9.05798e+06,9.37479e+06,604765,604670,1.07169e+08,276.116,643.677,288.126,694.28
0,657,509011,57794.8,59688.3,9.05783e+06,9.37465e+06,604689,604596,1.07164e+08,276.082,643.601,276.475,656.649
0,658,509044,57791,59684.6,9.05781e+06,9.37462e+06,604613,604521,1.07159e+08,276.048,643.524,307.288,617.098
0,659,509091,57788,59681.7,9.0579e+06,9.37472e+06,604537,604448,1.07154e+08,276.015,643.449,272.585,605.622
0,660,509150,57785.8,59679.6,9.05809e+06,9.37493e+06,604464,604375,1.07149e+08,275.983,643.376,277.198,621.071
0,661,509220,57784.4,59678.3,9.05839e+06,9.37524e+06,604392,604305,1.07143e+08,275.952,643.306,278.284,635.409
0,662,509299,57783.8,59677.9,9.05878e+06,9.37565e+06,604324,604238,1.07137e+08,275.923,643.238,269.35,621.633
0,663,509387,57784,59678.2,9.05925e+06,9.37614e+06,604259,604174,1.07131e+08,275.895,643.175,297.763,615.314
0,664,509481,57784.9,59679.2,9.05979e+06,9.3767e+06,604198,604114,1.07125e+08,275.869,643.115,252.104,678.913
0,665,509581,57786.4,59680.9,9.06038e+06,9.37731e+06,604142,604058,1.07119e+08,275.845,643.06,276.372,639.254
0,666,509683,57788.6,59683.3,9.06101e+06,9.37798e+06,604090,604008,1.07112e+08,275.823,643.011,296.244,675.745
0,667,509787,57791.3,59686.1,9.06167e+06,9.37867e+06,604045,603962,1.07106e+08,275.804,642.967,300.996,660.667
0,668,509890,57794.5,59689.5,9.06235e+06,9.37937e+06,604004,603922,1.071e+08,275.787,642.928,306.712,624.098
0,669,509992,57798,59693.2,9.06302e+06,9.38007e+06,603970,603888,1.07094e+08,275.773,642.896,288.342,635.96
0,670,510089,57801.8,59697.1,9.06367e+06,9.38075e+06,603942,603859,1.07087e+08,275.762,642.869,290.641,639.651
0,671,510181,57805.9,59701.3,9.0643e+06,9.3814e+06,603920,603837,1.07081e+08,275.753,642.848,290.098,668.154
0,672,510265,57810,59705.5,9.06487e+06,9.382e+06,603904,603820,1.07075e+08,275.747,642.833,250.411,674.29
0,673,510340,57814.2,59709.8,9.06539e+06,9.38254e+06,603894,603809,1.07069e+08,275.743,642.824,313.413,715.562
0,674,510405,57818.2,59713.9,9.06584e+06,9.38301e+06,603890,603804,1.07064e+08,275.742,642.821,293.348,614.054
0,675,510459,57822.1,59717.8,9.06621e+06,9.38339e+06,603891,603804,1.07058e+08,275.743,642.822,264.214,604.39
0,676,510500,57825.7,59721.4,9.06648e+06,9.38368e+06,603898,603810,1.07053e+08,275.746,642.828,254.586,643.82
0,677,510527,57828.9,59724.6,9.06666e+06,9.38386e+06,603909,603819,1.07048e+08,275.751,642.839,285.575,624.763
0,678,510540,57831.7,59727.4,9.06672e+06,9.38392e+06,603924,603833,1.07044e+08,275.758,642.853,274.374,643.352
0,679,510539,57834,59729.6,9.06667e+06,9.38387e+06,603943,603851,1.07039e+08,275.766,642.871,267.742,644.682
0,680,510523,57835.6,59731.1,9.0665e+06,9.3837e+06,603965,603871,1.07035e+08,275.776,642.891,289.389,620.042
0,681,510491,57836.7,59732,9.06622e+06,9.3834e+06,603989,603894,1.07031e+08,275.786,642.913,281.998,679.885
0,682,510445,57837,59732.2,9.06581e+06,9.38298e+06,604015,603918,1.07028e+08,275.797,642.936,302.02,647.809
0,683,510385,57836.6,59731.6,9.06529e+06,9.38244e+06,604042,603943,1.07024e+08,275.808,642.96,269.278,647.621
0,684,510311,57835.4,59730.2,9.06464e+06,9.38177e+06,604070,603969,1.07021e+08,275.819,642.984,287.286,652.085
0,685,510224,57833.5,59728,9.06389e+06,9.38099e+06,604096,603994,1.07019e+08,275.829,643.007,278.721,658.323
0,686,510125,57830.7,59725.1,9.06304e+06,9.3801e+06,604122,604019,1.07016e+08,275.839,643.029,288.745,612.823
0,687,510015,57827.2,59721.3,9.06209e+06,9.37911e+06,604145,604041,1.07014e+08,275.848,643.048,250.47,628.215
0,688,509896,57823,59716.7,9.06105e+06,9.37803e+06,604167,604061,1.07012e+08,275.856,643.065,279.356,642.931
0,689,509769,57818,59711.4,9.05993e+06,9.37688e+06,604185,604078,1.0701e+08,275.862,643.078,256.084,659.313
0,690,509635,57812.3,59705.5,9.05876e+06,9.37565e+06,604199,604092,1.07009e+08,275.867,643.087,258.069,649.261
0,691,509497,57806,59698.8,9.05753e+06,9.37438e+06,604209,604101,1.07007e+08,275.869,643.092,278.271,656.1
0,692,509356,57799.1,59691.6,9.05627e+06,9.37307e+06,604214,604106,1.07006e+08,275.87,643.093,273.305,658.838
0,693,509214,57791.7,59683.9,9.05498e+06,9.37173e+06,604215,604106,1.07005e+08,275.868,643.088,281.864,645.802
0,694,509073,57783.9,59675.8,9.05368e+06,9.37038e+06,604210,604101,1.07004e+08,275.864,643.078,263.125,630.49
0,695,508934,57775.7,59667.4,9.05239e+06,9.36904e+06,604199,604091,1.07003e+08,275.857,643.062,283.995,661.366
0,696,508799,57767.3,59658.7,9.05113e+06,9.36773e+06,604183,604075,1.07001e+08,275.848,643.041,305.586,687.568
0,697,508670,57758.7,59649.8,9.0499e+06,9.36645e+06,604161,604053,1.07e+08,275.837,643.015,274.655,661.305
0,698,508549,57750.1,59640.9,9.04871e+06,9.36522e+06,604133,604026,1.06999e+08,275.823,642.983,317.741,646.836
0,699,508437,57741.5,59632.1,9.04759e+06,9.36406e+06,604100,603994,1.06998e+08,275.806,642.945,279.024,591.086
0,700,508336,57733,59623.4,9.04655e+06,9.36298e+06,604061,603956,1.06996e+08,275.788,642.903,283.095,612.313
0,701,508246,57724.7,59615,9.04559e+06,9.36199e+06,604017,603914,1.06995e+08,275.767,642.856,256.363,584.876
0,702,508169,57716.8,59606.9,9.04473e+06,9.36109e+06,603969,603867,1.06993e+08,275.744,642.804,276.715,603.661
0,703,508106,57709.2,59599.2,9.04398e+06,9.36031e+06,603916,603815,1.06991e+08,275.72,642.749,262.087,658.443
0,704,508057,57702.1,59592,9.04333e+06,9.35964e+06,603859,603760,1.06989e+08,275.694,642.69,270.264,687.717
0,705,508023,57695.6,59585.4,9.04281e+06,9.3591e+06,603799,603702,1.06987e+08,275.667,642.628,297.605,682.13
0,706,508004,57689.7,59579.5,9.0424e+06,9.35868e+06,603736,603641,1.06984e+08,275.639,642.564,292.161,605.812
0,707,508000,57684.4,59574.2,9.04212e+06,9.35839e+06,603672,603578,1.06981e+08,275.61,642.499,278.306,645.041
0,708,508011,57679.9,59569.8,9.04197e+06,9.35823e+06,603606,603513,1.06978e+08,275.581,642.432,285.525,660.99
0,709,508036,57676.2,59566.1,9.04194e+06,9.3582e+06,603539,603448,1.06975e+08,275.551,642.366,235.217,642.121
0,710,508076,57673.2,59563.2,9.04203e+06,9.3583e+06,603472,603383,1.06972e+08,275.522,642.299,287.355,652.727
0,711,508129,57671.1,59561.2,9.04223e+06,9.35851e+06,603406,603319,1.06968e+08,275.493,642.234,282.244,645.238
0,712,508194,57669.7,59560,9.04254e+06,9.35884e+06,603342,603256,1.06964e+08,275.465,642.171,268.832,601.806
0,713,508271,57669.2,59559.6,9.04296e+06,9.35927e+06,603279,603195,1.0696e+08,275.438,642.11,298.819,668.905
0,714,508357,57669.5,59560,9.04346e+06,9.3598e+06,603219,603136,1.06956e+08,275.413,642.052,259.983,640.839
0,715,508451,57670.5,59561.2,9.04405e+06,9.36041e+06,603163,603081,1.06951e+08,275.389,641.998,269.092,663.405
0,716,508553,57672.2,59563.2,9.04471e+06,9.3611e+06,603111,603030,1.06947e+08,275.367,641.947,280.044,645.364
0,717,508659,57674.7,59565.8,9.04542e+06,9.36184e+06,603063,602982,1.06942e+08,275.347,641.902,301.785,635.986
0,718,508769,57677.7,59569,9.04618e+06,9.36263e+06,603020,602940,1.06937e+08,275.329,641.861,250.642,655.717
0,719,508881,57681.3,59572.8,9.04696e+06,9.36345e+06,602983,602903,1.06933e+08,275.314,641.826,275.588,657.846
0,720,508992,57685.3,59577,9.04776e+06,9.36428e+06,602951,602871,1.06928e+08,275.301,641.797,304.627,652.722
0,721,509102,57689.7,59581.6,9.04856e+06,9.36511e+06,602925,602845,1.06923e+08,275.291,641.773,277.713,605.283
0,722,509208,57694.5,59586.5,9.04934e+06,9.36593e+06,602905,602825,1.06918e+08,275.283,641.755,285.697,712.576
0,723,509308,57699.4,59591.6,9.0501e+06,9.36671e+06,602891,602810,1.06914e+08,275.278,641.743,260.216,646.017
0,724,509401,57704.5,59596.8,9.05081e+06,9.36745e+06,602883,602802,1.06909e+08,275.275,641.737,262.219,604.698
0,725,509485,57709.5,59602,9.05146e+06,9.36813e+06,602881,602799,1.06905e+08,275.276,641.737,279.227,660.732
0,726,509560,57714.5,59607.1,9.05205e+06,9.36874e+06,602885,602802,1.06901e+08,275.278,641.742,262.676,610.741
0,727,509623,57719.4,59612,9.05255e+06,9.36926e+06,602895,602810,1.06897e+08,275.283,641.752,295.874,609.37
0,728,509673,57723.9,59616.6,9.05296e+06,9.36969e+06,602909,602824,1.06893e+08,275.29,641.767,308.867,640.354
0,729,509710,57728.1,59620.8,9.05327e+06,9.37002e+06,602928,602841,1.0689e+08,275.299,641.786,286.545,672.594
0,730,509733,57731.9,59624.6,9.05348e+06,9.37023e+06,602952,602864,1.06886e+08,275.309,641.81,303.491,673.09
0,731,509742,57735.2,59627.8,9.05357e+06,9.37032e+06,602979,602889,1.06883e+08,275.321,641.836,317.351,581.88
0,732,509735,57737.8,59630.4,9.05354e+06,9.3703e+06,603009,602918,1.06881e+08,275.335,641.865,268.412,682.698
0,733,509714,57739.9,59632.3,9.0534e+06,9.37015e+06,603042,602949,1.06878e+08,275.349,641.897,281.61,684.369
0,734,509678,57741.2,59633.6,9.05313e+06,9.36987e+06,603076,602982,1.06876e+08,275.364,641.929,288.789,623.418
0,735,509627,57741.8,59634,9.05275e+06,9.36947e+06,603112,603016,1.06874e+08,275.379,641.962,269.36,635.306
0,736,509563,57741.7,59633.7,9.05225e+06,9.36895e+06,603148,603050,1.06873e+08,275.394,641.995,273.201,625.979
0,737,509485,57740.8,59632.6,9.05163e+06,9.36831e+06,603183,603084,1.06871e+08,275.408,642.028,274.466,622.179
0,738,509396,57739,59630.6,9.05091e+06,9.36756e+06,603217,603117,1.0687e+08,275.422,642.059,288.483,639.411
0,739,509295,57736.5,59627.9,9.0501e+06,9.36671e+06,603250,603148,1.0687e+08,275.435,642.088,280.223,601.289
0,740,509185,57733.3,59624.4,9.04919e+06,9.36577e+06,603280,603177,1.06869e+08,275.447,642.114,256.619,653.104
0,741,509066,57729.3,59620.1,9.04821e+06,9.36475e+06,603307,603203,1.06869e+08,275.457,642.137,247.165,627.639
0,742,508941,57724.6,59615.2,9.04717e+06,9.36366e+06,603330,603225,1.06869e+08,275.466,642.156,283.915,610.224
0,743,508811,57719.3,59609.5,9.04607e+06,9.36252e+06,603350,603244,1.06869e+08,275.473,642.171,280.635,643.263
0,744,508678,57713.4,59603.3,9.04493e+06,9.36134e+06,603364,603258,1.06869e+08,275.478,642.181,266.85,621.256
0,745,508544,57706.9,59596.6,9.04376e+06,9.36013e+06,603374,603267,1.06869e+08,275.48,642.186,282.23,613.868
0,746,508410,57700.1,59589.5,9.04259e+06,9.35891e+06,603378,603271,1.06869e+08,275.48,642.186,306.929,673.809
0,747,508278,57692.8,59582,9.04142e+06,9.35769e+06,603376,603270,1.06869e+08,275.478,642.18,300.423,644.749
0,748,508150,57685.3,59574.2,9.04026e+06,9.35649e+06,603369,603263,1.0687e+08,275.473,642.169,279.718,627.931
0,749,508028,57677.7,59566.3,9.03915e+06,9.35533e+06,603356,603251,1.0687e+08,275.466,642.152,302.471,654.424
0,750,507913,57669.9,59558.3,9.03808e+06,9.35422e+06,603338,603233,1.0687e+08,275.456,642.129,272.466,609.417
0,751,507807,57662.1,59550.4,9.03706e+06,9.35317e+06,603314,603210,1.0687e+08,275.444,642.102,293.286,624.111
0,752,507711,57654.5,59542.6,9.03613e+06,9.3522e+06,603284,603181,1.0687e+08,275.429,642.069,280.577,638.807
0,753,507627,57647.1,59535,9.03527e+06,9.35131e+06,603249,603148,1.0687e+08,275.413,642.031,303.133,623.966
0,754,507555,57639.9,59527.7,9.03451e+06,9.35052e+06,603209,603109,1.0687e+08,275.394,641.989,285.647,632.475
0,755,507497,57633.2,59520.9,9.03386e+06,9.34984e+06,603165,603067,1.06869e+08,275.374,641.943,276.999,631.299
0,756,507453,57626.9,59514.5,9.03332e+06,9.34928e+06,603117,603020,1.06869e+08,275.352,641.893,296.965,638.143
0,757,507424,57621.1,59508.7,9.03289e+06,9.34884e+06,603066,602970,1.06868e+08,275.329,641.841,275.449,657.665
0,758,507410,57615.9,59503.5,9.03258e+06,9.34852e+06,603012,602918,1.06867e+08,275.304,641.786,285.015,646.361
0,759,507411,57611.5,59499.1,9.0324e+06,9.34833e+06,602955,602863,1.06865e+08,275.279,641.729,294.784,647.439
0,760,507427,57607.7,59495.4,9.03234e+06,9.34827e+06,602898,602807,1.06864e+08,275.254,641.672,303.836,663.41
0,761,507458,57604.7,59492.4,9.0324e+06,9.34834e+06,602839,602750,1.06862e+08,275.228,641.614,261.382,610.522
0,762,507502,57602.4,59490.3,9.03259e+06,9.34853e+06,602780,602693,1.0686e+08,275.202,641.556,277.147,642.628
0,763,507560,57601,59489,9.03289e+06,9.34885e+06,602722,602637,1.06857e+08,275.177,641.499,273.3,625.591
0,764,507631,57600.4,59488.5,9.0333e+06,9.34927e+06,602665,602581,1.06855e+08,275.153,641.444,284.522,611.92
0,765,507713,57600.6,59488.9,9.03381e+06,9.34981e+06,602611,602528,1.06852e+08,275.13,641.391,278.147,677.515
0,766,507804,57601.6,59490.1,9.03441e+06,9.35044e+06,602558,602477,1.06849e+08,275.107,641.341,253.351,687.839
0,767,507905,57603.3,59492,9.0351e+06,9.35115e+06,602510,602429,1.06846e+08,275.087,641.295,273.01,728.899
0,768,508012,57605.8,59494.7,9.03586e+06,9.35194e+06,602465,602385,1.06843e+08,275.068,641.253,258.86,646.695
0,769,508125,57608.9,59498,9.03667e+06,9.35279e+06,602424,602345,1.06839e+08,275.052,641.215,282.037,643.466
0,770,508241,57612.6,59502,9.03753e+06,9.35368e+06,602388,602310,1.06836e+08,275.037,641.182,254.071,620.826
0,771,508359,57617,59506.5,9.03842e+06,9.35461e+06,602358,602280,1.06833e+08,275.025,641.154,284.059,667.138
0,772,508477,57621.7,59511.6,9.03933e+06,9.35555e+06,602333,602255,1.06829e+08,275.015,641.132,274.222,662.772
0,773,508594,57626.9,59516.9,9.04024e+06,9.3565e+06,602314,602236,1.06826e+08,275.008,641.116,269.627,689.721
0,774,508707,57632.4,59522.6,9.04113e+06,9.35743e+06,602300,602222,1.06822e+08,275.004,641.106,299.048,631.654
0,775,508815,57638.1,59528.5,9.042e+06,9.35833e+06,602293,602215,1.06819e+08,275.002,641.101,277.727,633.572
0,776,508915,57644,59534.5,9.04282e+06,9.35919e+06,602292,602213,1.06816e+08,275.002,641.102,287.881,650.812
0,777,509008,57649.9,59540.6,9.04359e+06,9.35999e+06,602297,602217,1.06813e+08,275.006,641.109,270.159,636.927
0,778,509090,57655.7,59546.5,9.04429e+06,9.36072e+06,602308,602227,1.0681e+08,275.011,641.122,267.698,665.678
0,779,509162,57661.3,59552.2,9.04491e+06,9.36137e+06,602324,602242,1.06807e+08,275.019,641.14,255.833,620.397
0,780,509220,57666.7,59557.7,9.04545e+06,9.36192e+06,602345,602262,1.06805e+08,275.03,641.162,294.71,636.523
0,781,509266,57671.7,59562.8,9.04588e+06,9.36237e+06,602371,602287,1.06802e+08,275.042,641.189,289.539,667.281
0,782,509298,57676.4,59567.4,9.04621e+06,9.36271e+06,602402,602315,1.068e+08,275.055,641.22,262.25,665.116
0,783,509315,57680.5,59571.5,9.04642e+06,9.36293e+06,602436,602348,1.06799e+08,275.071,641.254,274.561,681.583
0,784,509317,57684,59575,9.04651e+06,9.36303e+06,602473,602384,1.06797e+08,275.087,641.29,283.21,677.575
0,785,509304,57686.9,59577.9,9.04649e+06,9.363e+06,602513,602422,1.06796e+08,275.105,641.329,263.906,651.86
0,786,509277,57689.1,59580,9.04635e+06,9.36285e+06,602555,602462,1.06795e+08,275.123,641.37,283.98,656.319
0,787,509235,57690.6,59581.3,9.04608e+06,9.36257e+06,602597,602503,1.06794e+08,275.141,641.411,254.592,697.975
0,788,509179,57691.3,59581.9,9.0457e+06,9.36218e+06,602640,602544,1.06794e+08,275.159,641.452,285.48,644.547
0,789,509109,57691.3,59581.7,9.04521e+06,9.36166e+06,602683,602586,1.06794e+08,275.177,641.492,260.847,660.051
0,790,509028,57690.5,59580.6,9.04461e+06,9.36104e+06,602725,602626,1.06794e+08,275.195,641.531,292.567,652.857
0,791,508935,57688.8,59578.8,9.04391e+06,9.36031e+06,602765,602665,1.06794e+08,275.212,641.568,282.298,651.893
0,792,508833,57686.4,59576.2,9.04312e+06,9.35949e+06,602803,602701,1.06795e+08,275.227,641.602,265.381,616.106
0,793,508722,57683.3,59572.8,9.04225e+06,9.35858e+06,602837,602735,1.06796e+08,275.241,641.634,315.646,619.685
0,794,508604,57679.5,59568.7,9.04131e+06,9.35761e+06,602868,602765,1.06797e+08,275.253,641.661,278.532,619.976
0,795,508481,57675,59564,9.04032e+06,9.35658e+06,602895,602792,1.06798e+08,275.263,641.684,280.209,623.063
0,796,508354,57669.9,59558.6,9.03929e+06,9.35551e+06,602918,602813,1.06799e+08,275.272,641.702,251.919,657.805
0,797,508226,57664.3,59552.8,9.03823e+06,9.3544e+06,602935,602830,1.06801e+08,275.278,641.716,240.942,638.23
0,798,508098,57658.2,59546.4,9.03715e+06,9.35329e+06,602947,602842,1.06802e+08,275.281,641.724,294.995,676.991
0,799,507972,57651.8,59539.8,9.03608e+06,9.35217e+06,602954,602849,1.06804e+08,275.283,641.727,266.275,643.278
0,800,507850,57645,59532.8,9.03502e+06,9.35108e+06,602954,602850,1.06805e+08,275.282,641.724,294.248,612.415
0,801,507733,57638.1,59525.7,9.034e+06,9.35001e+06,602949,602846,1.06807e+08,275.278,641.715,271.415,630.631
0,802,507623,57631.1,59518.4,9.03302e+06,9.34899e+06,602939,602835,1.06808e+08,275.272,641.701,275.166,612.706
0,803,507522,57624.1,59511.2,9.0321e+06,9.34803e+06,602922,602820,1.06809e+08,275.263,641.682,278.019,660.541
0,804,507431,57617.1,59504.1,9.03125e+06,9.34715e+06,602900,602799,1.06811e+08,275.252,641.657,267.727,648.552
0,805,507351,57610.4,59497.3,9.03048e+06,9.34635e+06,602873,602773,1.06812e+08,275.239,641.628,275.034,620.512
0,806,507283,57603.9,59490.7,9.0298e+06,9.34565e+06,602841,602742,1.06812e+08,275.224,641.594,281.574,596.574
0,807,507229,57597.8,59484.5,9.02923e+06,9.34506e+06,602804,602707,1.06813e+08,275.207,641.555,268.584,635.635
0,808,507189,57592.2,59478.8,9.02877e+06,9.34458e+06,602764,602668,1.06814e+08,275.188,641.514,231.073,618.272
0,809,507164,57587,59473.7,9.02842e+06,9.34421e+06,602720,602625,1.06814e+08,275.168,641.469,275.449,668.924
0,810,507154,57582.5,59469.1,9.02819e+06,9.34398e+06,602673,602580,1.06814e+08,275.147,641.422,298.747,647.325
0,811,507158,57578.6,59465.3,9.02808e+06,9.34387e+06,602623,602532,1.06814e+08,275.126,641.372,281.388,634.759
0,812,507178,57575.4,59462.2,9.0281e+06,9.34389e+06,602572,602483,1.06813e+08,275.103,641.322,279.591,625.971
0,813,507212,57573,59459.9,9.02824e+06,9.34404e+06,602521,602433,1.06812e+08,275.081,641.271,267.25,644.728
0,814,507261,57571.4,59458.4,9.0285e+06,9.34431e+06,602469,602383,1.06811e+08,275.058,641.221,277.502,618.482
0,815,507323,57570.5,59457.7,9.02888e+06,9.3447e+06,602417,602333,1.0681e+08,275.036,641.171,276.415,631.943
0,816,507397,57570.5,59457.8,9.02937e+06,9.34521e+06,602367,602284,1.06809e+08,275.015,641.123,298.594,595.796
0,817,507483,57571.2,59458.7,9.02996e+06,9.34582e+06,602318,602237,1.06807e+08,274.994,641.077,278.552,660.121
0,818,507579,57572.8,59460.5,9.03064e+06,9.34654e+06,602272,602192,1.06805e+08,274.975,641.033,278.364,619.477
0,819,507684,57575.1,59463,9.03141e+06,9.34733e+06,602229,602150,1.06804e+08,274.957,640.993,238.409,634.232
0,820,507796,57578.1,59466.3,9.03225e+06,9.34821e+06,602190,602112,1.06801e+08,274.941,640.958,286.383,630.139
0,821,507914,57581.9,59470.3,9.03314e+06,9.34914e+06,602156,602078,1.06799e+08,274.927,640.926,295.519,615.583
0,822,508035,57586.2,59474.8,9.03409e+06,9.35013e+06,602126,602048,1.06797e+08,274.915,640.899,252.974,629.169
0,823,508159,57591.1,59480,9.03507e+06,9.35114e+06,602101,602024,1.06795e+08,274.906,640.878,279.874,623.28
0,824,508283,57596.5,59485.6,9.03606e+06,9.35218e+06,602081,602005,1.06792e+08,274.899,640.862,271.959,646.416
0,825,508405,57602.3,59491.7,9.03706e+06,9.35322e+06,602068,601991,1.0679e+08,274.894,640.852,284.14,657.158
0,826,508525,57608.4,59498,9.03805e+06,9.35424e+06,602060,601983,1.06788e+08,274.892,640.847,272.212,614.433
0,827,508639,57614.8,59504.5,9.03901e+06,9.35524e+06,602059,601981,1.06785e+08,274.893,640.849,285.198,631.911
0,828,508746,57621.3,59511.2,9.03993e+06,9.3562e+06,602063,601985,1.06783e+08,274.896,640.856,290.819,611.198
0,829,508845,57627.8,59517.9,9.04079e+06,9.3571e+06,602073,601995,1.06781e+08,274.902,640.869,286.046,640.243
0,830,508935,57634.3,59524.5,9.04159e+06,9.35793e+06,602089,602010,1.06779e+08,274.91,640.887,309.852,664.306
0,831,509013,57640.6,59531,9.04232e+06,9.35868e+06,602111,602030,1.06777e+08,274.921,640.911,270.499,667.356
0,832,509079,57646.7,59537.2,9.04295e+06,9.35933e+06,602138,602056,1.06776e+08,274.933,640.939,283.041,637.801
0,833,509132,57652.4,59543,9.04348e+06,9.35989e+06,602170,602086,1.06775e+08,274.948,640.972,276.692,629.491
0,834,509171,57657.7,59548.3,9.04391e+06,9.36033e+06,602206,602121,1.06774e+08,274.965,641.009,252.66,658.401
0,835,509196,57662.6,59553.2,9.04423e+06,9.36066e+06,602245,602159,1.06773e+08,274.982,641.049,293.447,645.426
0,836,509205,57666.8,59557.4,9.04443e+06,9.36087e+06,602288,602200,1.06772e+08,275.002,641.092,274.701,635.846
0,837,509200,57670.5,59561,9.04451e+06,9.36095e+06,602334,602244,1.06772e+08,275.022,641.138,252.496,649.312
0,838,509180,57673.4,59563.9,9.04446e+06,9.3609e+06,602381,602290,1.06772e+08,275.043,641.184,251.324,607.107
0,839,509145,57675.6,59566,9.0443e+06,9.36073e+06,602430,602337,1.06773e+08,275.064,641.232,285.119,672.064
0,840,509096,57677.1,59567.3,9.04402e+06,9.36044e+06,602479,602384,1.06773e+08,275.085,641.279,272.073,684.956
0,841,509034,57677.8,59567.9,9.04363e+06,9.36003e+06,602528,602432,1.06774e+08,275.106,641.326,279.534,583.889
0,842,508959,57677.7,59567.6,9.04312e+06,9.35951e+06,602576,602478,1.06775e+08,275.126,641.372,283.031,636.619
0,843,508873,57676.8,59566.5,9.04252e+06,9.35888e+06,602622,602523,1.06777e+08,275.145,641.415,264.236,649.898
0,844,508777,57675.1,59564.6,9.04183e+06,9.35816e+06,602666,602566,1.06778e+08,275.164,641.457,242.491,613.484
0,845,508673,57672.7,59562,9.04105e+06,9.35735e+06,602707,602606,1.0678e+08,275.181,641.494,258.616,628.942
0,846,508561,57669.6,59558.7,9.04021e+06,9.35647e+06,602745,602642,1.06782e+08,275.196,641.529,274.113,628.454
0,847,508444,57665.8,59554.6,9.0393e+06,9.35553e+06,602778,602675,1.06784e+08,275.209,641.559,285.98,611.899
0,848,508322,57661.4,59550,9.03836e+06,9.35455e+06,602807,602703,1.06786e+08,275.22,641.584,287.406,622.266
0,849,508200,57656.5,59544.8,9.03738e+06,9.35353e+06,602831,602727,1.06789e+08,275.229,641.604,278.07,650.033
0,850,508076,57651,59539.2,9.03639e+06,9.3525e+06,602849,602745,1.06791e+08,275.236,641.62,289.488,662.799
0,851,507955,57645.3,59533.1,9.0354e+06,9.35147e+06,602862,602759,1.06794e+08,275.24,641.629,265.077,594.45
0,852,507837,57639.2,59526.8,9.03442e+06,9.35045e+06,602870,602766,1.06796e+08,275.242,641.633,248.162,636.721
0,853,507724,57632.8,59520.3,9.03347e+06,9.34946e+06,602871,602768,1.06798e+08,275.241,641.632,262.447,617.368
0,854,507618,57626.4,59513.7,9.03256e+06,9.34852e+06,602867,602764,1.06801e+08,275.238,641.625,245.859,662.88
0,855,507520,57620,59507.1,9.03171e+06,9.34763e+06,602857,602755,1.06803e+08,275.233,641.612,262.553,610.715
0,856,507433,57613.6,59500.6,9.03093e+06,9.34682e+06,602841,602741,1.06805e+08,275.225,641.594,259.853,666.146
0,857,507356,57607.4,59494.3,9.03022e+06,9.34609e+06,602820,602721,1.06807e+08,275.214,641.571,296.63,662.439
0,858,507291,57601.5,59488.3,9.02961e+06,9.34546e+06,602794,602696,1.06809e+08,275.202,641.544,275.063,697.926
0,859,507240,57595.9,59482.6,9.0291e+06,9.34492e+06,602764,602667,1.06811e+08,275.188,641.512,279.211,639.528
0,860,507203,57590.7,59477.4,9.0287e+06,9.34451e+06,602730,602634,1.06812e+08,275.172,641.477,271.772,608.068
0,861,507180,57586.1,59472.8,9.02841e+06,9.34421e+06,602691,602598,1.06813e+08,275.155,641.438,251.939,646.366
0,862,507172,57582,59468.8,9.02824e+06,9.34403e+06,602650,602558,1.06814e+08,275.137,641.397,290.772,633.265
0,863,507180,57578.6,59465.4,9.02819e+06,9.34398e+06,602607,602516,1.06815e+08,275.117,641.354,288.423,659.047
0,864,507202,57575.9,59462.8,9.02827e+06,9.34406e+06,602561,602473,1.06815e+08,275.098,641.31,274.54,655.428
0,865,507239,57573.9,59460.9,9.02847e+06,9.34427e+06,602515,602428,1.06816e+08,275.077,641.265,267.083,641.103
0,866,507290,57572.7,59459.8,9.02878e+06,9.3446e+06,602468,602383,1.06816e+08,275.057,641.22,302.094,628.009
0,867,507355,57572.3,59459.6,9.02922e+06,9.34506e+06,602422,602338,1.06815e+08,275.038,641.175,247.99,639.819
0,868,507432,57572.7,59460.2,9.02977e+06,9.34562e+06,602377,602294,1.06815e+08,275.018,641.133,277.053,646.766
0,869,507521,57573.9,59461.6,9.03042e+06,9.3463e+06,602333,602252,1.06814e+08,275,641.092,281.753,583.84
0,870,507620,57575.9,59463.8,9.03116e+06,9.34707e+06,602292,602212,1.06813e+08,274.983,641.054,275.738,602.827
0,871,507728,57578.7,59466.8,9.03199e+06,9.34794e+06,602254,602175,1.06812e+08,274.968,641.019,278.97,654.849
0,872,507844,57582.1,59470.5,9.03289e+06,9.34888e+06,602220,602142,1.06811e+08,274.954,640.988,277.635,632.898
0,873,507965,57586.3,59474.9,9.03385e+06,9.34988e+06,602189,602112,1.0681e+08,274.942,640.962,263.059,597.38
0,874,508091,57591.1,59480,9.03487e+06,9.35093e+06,602164,602087,1.06808e+08,274.932,640.94,278.375,647.107
0,875,508219,57596.5,59485.6,9.03591e+06,9.35202e+06,602143,602067,1.06807e+08,274.925,640.923,306.506,674.556
0,876,508347,57602.3,59491.7,9.03698e+06,9.35312e+06,602128,602052,1.06805e+08,274.92,640.912,251.404,605.926
0,877,508474,57608.6,59498.2,9.03805e+06,9.35424e+06,602119,602043,1.06804e+08,274.917,640.906,252.944,660.13
0,878,508598,57615.2,59505.1,9.03911e+06,9.35534e+06,602115,602039,1.06802e+08,274.917,640.906,283.533,616.893
0,879,508718,57622,59512.1,9.04014e+06,9.35641e+06,602118,602041,1.06801e+08,274.92,640.912,259.317,617.603
0,880,508830,57629,59519.3,9.04114e+06,9.35745e+06,602127,602049,1.06799e+08,274.925,640.924,244.893,621.572
0,881,508935,57636.1,59526.6,9.04208e+06,9.35843e+06,602141,602063,1.06798e+08,274.933,640.941,256.413,629.248
0,882,509030,57643.1,59533.7,9.04296e+06,9.35934e+06,602161,602082,1.06797e+08,274.943,640.964,284.525,631.091
0,883,509115,57649.9,59540.7,9.04377e+06,9.36018e+06,602187,602107,1.06796e+08,274.955,640.993,283.159,669.957
0,884,509187,57656.6,59547.5,9.04448e+06,9.36092e+06,602218,602137,1.06795e+08,274.97,641.026,321.073,646.541
0,885,509246,57662.9,59553.9,9.0451e+06,9.36156e+06,602254,602171,1.06795e+08,274.987,641.063,268.077,671.82
0,886,509291,57668.8,59559.8,9.04561e+06,9.36209e+06,602294,602210,1.06795e+08,275.005,641.105,287.752,638.84
0,887,509322,57674.2,59565.3,9.04601e+06,9.3625e+06,602338,602253,1.06795e+08,275.025,641.15,294.41,583.41
0,888,509338,57679,59570.1,9.04629e+06,9.3628e+06,602386,602298,1.06795e+08,275.046,641.197,288.375,684.244
0,889,509339,57683.3,59574.3,9.04645e+06,9.36297e+06,602436,602347,1.06795e+08,275.068,641.248,286.097,630.718
0,890,509325,57686.8,59577.8,9.0465e+06,9.36301e+06,602488,602397,1.06796e+08,275.091,641.299,269.178,633.27
0,891,509296,57689.6,59580.5,9.04642e+06,9.36292e+06,602541,602449,1.06797e+08,275.115,641.352,280.817,629.702
0,892,509254,57691.7,59582.5,9.04622e+06,9.36272e+06,602595,602501,1.06799e+08,275.138,641.404,280.886,627.401
0,893,509197,57693,59583.6,9.0459e+06,9.36239e+06,602648,602553,1.068e+08,275.161,641.456,272.547,647.047
0,894,509128,57693.5,59584,9.04548e+06,9.36195e+06,602701,602604,1.06802e+08,275.184,641.507,315.326,642.265
0,895,509048,57693.2,59583.5,9.04496e+06,9.3614e+06,602752,602654,1.06804e+08,275.205,641.556,245.592,636.62
0,896,508957,57692.1,59582.2,9.04434e+06,9.36076e+06,602801,602702,1.06807e+08,275.226,641.603,268.598,694.224
0,897,508857,57690.2,59580.2,9.04364e+06,9.36003e+06,602847,602747,1.06809e+08,275.245,641.646,271.124,683.08
0,898,508750,57687.7,59577.4,9.04287e+06,9.35922e+06,602890,602788,1.06812e+08,275.263,641.686,270.86,646.157
0,899,508637,57684.5,59574,9.04203e+06,9.35836e+06,602928,602826,1.06815e+08,275.278,641.721,253.482,651.455
0,900,508521,57680.6,59569.9,9.04115e+06,9.35744e+06,602962,602860,1.06818e+08,275.292,641.752,291.063,647.32
0,901,508402,57676.2,59565.3,9.04024e+06,9.35649e+06,602991,602888,1.06821e+08,275.304,641.778,272.171,597.938
0,902,508282,57671.3,59560.2,9.03931e+06,9.35553e+06,603015,602912,1.06824e+08,275.313,641.799,296.808,612.334
0,903,508164,57666,59554.7,9.03838e+06,9.35456e+06,603034,602930,1.06827e+08,275.319,641.814,271.912,671.309
0,904,508049,57660.4,59548.8,9.03746e+06,9.3536e+06,603046,602943,1.0683e+08,275.323,641.823,258.486,622.411
0,905,507939,57654.6,59542.8,9.03657e+06,9.35267e+06,603053,602950,1.06833e+08,275.325,641.827,256.456,650.173
0,906,507836,57648.6,59536.7,9.03571e+06,9.35178e+06,603054,602952,1.06837e+08,275.324,641.825,274.547,689.166
0,907,507740,57642.6,59530.5,9.03491e+06,9.35095e+06,603049,602948,1.0684e+08,275.321,641.818,284.267,629.007
0,908,507655,57636.7,59524.5,9.03418e+06,9.35019e+06,603038,602938,1.06842e+08,275.315,641.806,266.453,643.588
0,909,507580,57630.9,59518.6,9.03352e+06,9.3495e+06,603022,602923,1.06845e+08,275.307,641.788,293.811,695.879
0,910,507517,57625.3,59512.9,9.03295e+06,9.34891e+06,603002,602904,1.06848e+08,275.297,641.766,269.68,623.207
0,911,507468,57620.1,59507.7,9.03249e+06,9.34843e+06,602976,602879,1.0685e+08,275.285,641.739,255.958,685.196
0,912,507432,57615.3,59502.9,9.03213e+06,9.34805e+06,602946,602851,1.06852e+08,275.272,641.709,273.282,617.383
0,913,507411,57611.1,59498.6,9.03188e+06,9.3478e+06,602913,602819,1.06854e+08,275.256,641.675,279.945,674.265
0,914,507404,57607.3,59494.9,9.03175e+06,9.34766e+06,602876,602784,1.06856e+08,275.24,641.639,264.061,658.072
0,915,507413,57604.3,59491.9,9.03174e+06,9.34765e+06,602837,602747,1.06857e+08,275.223,641.6,250.17,636.316
0,916,507436,57601.9,59489.6,9.03185e+06,9.34777e+06,602796,602707,1.06858e+08,275.205,641.561,294.666,625.953
0,917,507475,57600.2,59488,9.03209e+06,9.34802e+06,602754,602667,1.06859e+08,275.187,641.52,267.308,644.784
0,918,507527,57599.3,59487.3,9.03245e+06,9.34839e+06,602711,602626,1.0686e+08,275.169,641.479,292.527,621.729
0,919,507593,57599.2,59487.3,9.03292e+06,9.34889e+06,602668,602585,1.0686e+08,275.151,641.439,267.933,611.356
0,920,507672,57599.9,59488.2,9.03351e+06,9.3495e+06,602627,602545,1.06861e+08,275.133,641.4,276.039,629.586
0,921,507763,57601.4,59489.9,9.0342e+06,9.35022e+06,602587,602506,1.06861e+08,275.117,641.364,291.513,606.977
0,922,507864,57603.7,59492.5,9.03499e+06,9.35103e+06,602550,602470,1.0686e+08,275.101,641.329,267.435,666.264
0,923,507975,57606.7,59495.7,9.03586e+06,9.35194e+06,602515,602436,1.0686e+08,275.087,641.298,268.367,657.29
0,924,508093,57610.5,59499.8,9.03681e+06,9.35293e+06,602484,602406,1.06859e+08,275.075,641.271,282.283,694.217
0,925,508217,57615,59504.5,9.03781e+06,9.35397e+06,602457,602380,1.06859e+08,275.065,641.248,258.323,560.608
0,926,508345,57620.1,59509.9,9.03887e+06,9.35508e+06,602434,602358,1.06858e+08,275.056,641.229,275.131,662.354
0,927,508476,57625.7,59515.8,9.03997e+06,9.35621e+06,602417,602341,1.06857e+08,275.05,641.216,278.97,663.165
0,928,508608,57631.9,59522.3,9.04108e+06,9.35737e+06,602405,602329,1.06856e+08,275.047,641.208,279.985,643.401
0,929,508739,57638.5,59529.2,9.04221e+06,9.35854e+06,602398,602323,1.06855e+08,275.045,641.205,262.912,654.258
0,930,508866,57645.5,59536.4,9.04332e+06,9.3597e+06,602398,602322,1.06854e+08,275.047,641.209,246.286,657.614
0,931,508990,57652.7,59543.8,9.04441e+06,9.36083e+06,602403,602327,1.06854e+08,275.051,641.218,267.282,673.299
0,932,509107,57660,59551.4,9.04547e+06,9.36193e+06,602414,602338,1.06853e+08,275.057,641.233,270.241,617.333
0,933,509216,57667.5,59559,9.04647e+06,9.36297e+06,602432,602354,1.06852e+08,275.066,641.253,249.875,702.217
0,934,509315,57674.9,59566.6,9.04741e+06,9.36395e+06,602455,602376,1.06852e+08,275.078,641.279,268.026,673.729
0,935,509404,57682.1,59574,9.04827e+06,9.36484e+06,602483,602404,1.06851e+08,275.092,641.311,274.129,589.107
0,936,509482,57689.2,59581.2,9.04905e+06,9.36565e+06,602517,602437,1.06851e+08,275.108,641.347,262.622,645.825
0,937,509546,57695.9,59588,9.04973e+06,9.36636e+06,602556,602474,1.06851e+08,275.126,641.388,302.489,629.255
0,938,509596,57702.2,59594.4,9.05031e+06,9.36695e+06,602599,602516,1.06852e+08,275.145,641.433,267.022,708.442
0,939,509632,57708.1,59600.3,9.05077e+06,9.36743e+06,602646,602561,1.06852e+08,275.167,641.481,260.213,631.235
0,940,509653,57713.4,59605.6,9.05112e+06,9.36779e+06,602697,602610,1.06853e+08,275.19,641.532,273.593,649.084
0,941,509659,57718,59610.3,9.05135e+06,9.36803e+06,602750,602661,1.06854e+08,275.213,641.586,283.47,630.43
0,942,509650,57722,59614.2,9.05145e+06,9.36814e+06,602805,602715,1.06855e+08,275.238,641.641,257.679,650.352
0,943,509626,57725.3,59617.4,9.05144e+06,9.36812e+06,602862,602770,1.06857e+08,275.262,641.697,273.671,627.116
0,944,509588,57727.8,59619.9,9.0513e+06,9.36798e+06,602919,602825,1.06859e+08,275.287,641.753,267.646,625.987
0,945,509536,57729.6,59621.5,9.05105e+06,9.36772e+06,602976,602881,1.06861e+08,275.312,641.809,274.312,604.099
0,946,509472,57730.5,59622.3,9.05069e+06,9.36734e+06,603032,602936,1.06863e+08,275.336,641.863,271.175,630.259
0,947,509396,57730.7,59622.3,9.05023e+06,9.36685e+06,603087,602989,1.06866e+08,275.36,641.916,289.458,629.585
0,948,509309,57730,59621.5,9.04966e+06,9.36627e+06,603140,603040,1.06869e+08,275.382,641.967,287.45,686.343
0,949,509213,57728.6,59619.9,9.04902e+06,9.3656e+06,603189,603089,1.06872e+08,275.403,642.014,266.842,680.568
0,950,509110,57726.5,59617.6,9.0483e+06,9.36485e+06,603236,603135,1.06875e+08,275.422,642.058,282.566,625.324
0,951,509000,57723.7,59614.5,9.04752e+06,9.36403e+06,603278,603176,1.06878e+08,275.44,642.097,233.41,675.876
0,952,508886,57720.3,59610.9,9.04669e+06,9.36317e+06,603316,603213,1.06882e+08,275.455,642.132,268.671,622.236
0,953,508770,57716.3,59606.7,9.04582e+06,9.36227e+06,603349,603246,1.06885e+08,275.468,642.162,280.427,628.385
0,954,508653,57711.7,59601.9,9.04494e+06,9.36135e+06,603377,603274,1.06889e+08,275.479,642.187,272.558,669.88
0,955,508537,57706.8,59596.8,9.04405e+06,9.36042e+06,603399,603296,1.06893e+08,275.488,642.206,291.013,612.646
0,956,508424,57701.6,59591.4,9.04317e+06,9.3595e+06,603415,603312,1.06896e+08,275.494,642.22,257.798,657.944
0,957,508316,57696.1,59585.7,9.04231e+06,9.35861e+06,603426,603323,1.069e+08,275.497,642.228,285.253,632.159
0,958,508214,57690.4,59579.9,9.04149e+06,9.35776e+06,603431,603329,1.06904e+08,275.498,642.23,269.827,648.187
0,959,508120,57684.7,59574,9.04072e+06,9.35696e+06,603430,603328,1.06907e+08,275.496,642.227,268.389,656.874
0,960,508035,57679.1,59568.2,9.04001e+06,9.35622e+06,603423,603323,1.0691e+08,275.492,642.219,271.308,694.738
0,961,507961,57673.5,59562.6,9.03938e+06,9.35557e+06,603411,603311,1.06914e+08,275.486,642.205,278.997,679.186
0,962,507899,57668.3,59557.2,9.03884e+06,9.35501e+06,603393,603295,1.06917e+08,275.478,642.186,258.777,643.674
0,963,507850,57663.3,59552.2,9.0384e+06,9.35455e+06,603371,603275,1.0692e+08,275.467,642.163,301.729,682.03
0,964,507814,57658.7,59547.7,9.03806e+06,9.3542e+06,603345,603250,1.06922e+08,275.455,642.137,319.178,639.426
0,965,507793,57654.7,59543.6,9.03784e+06,9.35396e+06,603315,603221,1.06925e+08,275.441,642.106,317.385,688.954
0,966,507787,57651.1,59540.1,9.03773e+06,9.35385e+06,603281,603189,1.06927e+08,275.427,642.073,280.675,660.724
0,967,507796,57648.2,59537.3,9.03774e+06,9.35386e+06,603245,603155,1.06929e+08,275.411,642.038,271.592,617.32
0,968,507820,57646,59535.2,9.03787e+06,9.354e+06,603207,603118,1.0693e+08,275.394,642.001,289.104,649.254
0,969,507858,57644.5,59533.8,9.03813e+06,9.35427e+06,603168,603081,1.06932e+08,275.377,641.964,305.718,676.283
0,970,507911,57643.8,59533.2,9.03851e+06,9.35466e+06,603128,603042,1.06933e+08,275.36,641.926,298.79,604.301
0,971,507978,57643.8,59533.4,9.039e+06,9.35518e+06,603088,603004,1.06934e+08,275.343,641.889,249.991,633.915
0,972,508057,57644.7,59534.5,9.03961e+06,9.35581e+06,603049,602966,1.06935e+08,275.327,641.852,305.003,619.308
0,973,508148,57646.3,59536.4,9.04032e+06,9.35655e+06,603011,602930,1.06935e+08,275.312,641.818,259.169,676.309
0,974,508250,57648.8,59539,9.04113e+06,9.35739e+06,602976,602896,1.06935e+08,275.297,641.786,289.777,667.307
0,975,508362,57652,59542.5,9.04203e+06,9.35832e+06,602943,602865,1.06935e+08,275.284,641.757,267.856,641.935
0,976,508481,57655.9,59546.7,9.043e+06,9.35933e+06,602914,602836,1.06935e+08,275.273,641.732,268.272,628.386
0,977,508606,57660.6,59551.6,9.04404e+06,9.36041e+06,602889,602812,1.06935e+08,275.263,641.711,230.947,603.168
0,978,508736,57665.8,59557.2,9.04512e+06,9.36154e+06,602868,602792,1.06935e+08,275.256,641.695,281.794,641.92
0,979,508869,57671.7,59563.3,9.04625e+06,9.36271e+06,602853,602777,1.06934e+08,275.251,641.683,294.025,644.608
0,980,509003,57678.1,59569.9,9.0474e+06,9.3639e+06,602842,602767,1.06934e+08,275.248,641.677,296.267,667.459
0,981,509136,57684.9,59577,9.04855e+06,9.3651e+06,602837,602762,1.06933e+08,275.247,641.676,257.251,623.837
0,982,509267,57692,59584.4,9.0497e+06,9.3663e+06,602838,602763,1.06933e+08,275.249,641.681,283.399,683.196
0,983,509393,57699.4,59592.1,9.05083e+06,9.36747e+06,602845,602769,1.06932e+08,275.254,641.692,264.283,670.156
0,984,509513,57707,59599.9,9.05192e+06,9.36861e+06,602858,602781,1.06932e+08,275.261,641.709,240.206,656.039
0,985,509625,57714.7,59607.8,9.05297e+06,9.36969e+06,602877,602799,1.06931e+08,275.271,641.731,282.22,655.92
0,986,509728,57722.3,59615.6,9.05395e+06,9.37071e+06,602902,602823,1.06931e+08,275.283,641.759,245.176,659.384
0,987,509820,57729.9,59623.3,9.05486e+06,9.37165e+06,602932,602852,1.06931e+08,275.298,641.792,285.953,659.832
0,988,509901,57737.2,59630.8,9.05568e+06,9.3725e+06,602967,602886,1.06931e+08,275.315,641.83,282.247,633.661
0,989,509969,57744.2,59637.9,9.0564e+06,9.37326e+06,603007,602925,1.06932e+08,275.333,641.873,282.379,639.249
0,990,510023,57750.8,59644.6,9.05702e+06,9.3739e+06,603052,602969,1.06932e+08,275.354,641.919,238.356,672.493
0,991,510063,57756.9,59650.8,9.05753e+06,9.37443e+06,603101,603016,1.06933e+08,275.376,641.969,284.396,616.734
0,992,510088,57762.5,59656.4,9.05793e+06,9.37484e+06,603153,603066,1.06934e+08,275.4,642.023,254.626,661.536
0,993,510098,57767.5,59661.4,9.0582e+06,9.37512e+06,603208,603120,1.06936e+08,275.424,642.078,281.904,624.304
0,994,510093,57771.8,59665.7,9.05835e+06,9.37528e+06,603265,603175,1.06937e+08,275.45,642.135,274.737,648.45
0,995,510073,57775.4,59669.2,9.05838e+06,9.3753e+06,603324,603232,1.06939e+08,275.475,642.193,285.142,640.171
0,996,510038,57778.3,59672,9.05829e+06,9.37521e+06,603383,603290,1.06941e+08,275.501,642.252,275.787,597.996
0,997,509990,57780.3,59673.9,9.05808e+06,9.37499e+06,603442,603347,1.06944e+08,275.527,642.31,281.638,692.119
0,998,509929,57781.6,59675.1,9.05776e+06,9.37465e+06,603501,603404,1.06947e+08,275.552,642.367,255.955,700.685
0,999,509856,57782.1,59675.4,9.05734e+06,9.37421e+06,603558,603460,1.06949e+08,275.577,642.422,250.833,688.669
0,1000,509772,57781.7,59674.9,9.05682e+06,9.37367e+06,603613,603513,1.06953e+08,275.6,642.475,254.119,634.962
