{
  "name": "SIRS_SBRI HFMD Japan",
  "description": "...",
  "type": "theta",
  "parameter": {
    "SS": {
      "transformation": "logit",
      "partition_id": "identical_population",
      "group": {
        "all": {
          "min": {
            "value": 0
          },
          "guess": {
            "value": 0.311812
          },
          "max": {
            "value": 0.95
          },
          "sd_transf": {
            "value": 0.2
          },
          "prior": {
            "value": "uniform"
          }
        }
      }
    },
    "IS": {
      "transformation": "logit",
      "partition_id": "identical_population",
      "group": {
        "all": {
          "min": {
            "value": 0
          },
          "guess": {
            "value": 0.0000733986
          },
          "max": {
            "value": 0.01
          },
          "sd_transf": {
            "value": 0.2
          },
          "prior": {
            "value": "uniform"
          }
        }
      }
    },
    "SI": {
      "transformation": "logit",
      "partition_id": "identical_population",
      "group": {
        "all": {
          "min": {
            "value": 0
          },
          "guess": {
            "value": 0.0000313845
          },
          "max": {
            "value": 0.01
          },
          "sd_transf": {
            "value": 0.2
          },
          "prior": {
            "value": "uniform"
          }
        }
      }
    },
    "RS": {
      "transformation": "logit",
      "partition_id": "identical_population",
      "group": {
        "all": {
          "min": {
            "value": 0
          },
          "guess": {
            "value": 0.0479095
          },
          "max": {
            "value": 0.95
          },
          "sd_transf": {
            "value": 0.2
          },
          "prior": {
            "value": "uniform"
          }
        }
      }
    },
    "SR": {
      "transformation": "logit",
      "partition_id": "identical_population",
      "group": {
        "all": {
          "min": {
            "value": 0
          },
          "guess": {
            "value": 0.0624645
          },
          "max": {
            "value": 0.95
          },
          "sd_transf": {
            "value": 0.2
          },
          "prior": {
            "value": "uniform"
          }
        }
      }
    },
    "IR": {
      "transformation": "logit",
      "partition_id": "identical_population",
      "group": {
        "all": {
          "min": {
            "value": 0
          },
          "guess": {
            "value": 9.5e-18
          },
          "max": {
            "value": 0.95
          },
          "sd_transf": {
            "value": 0
          },
          "prior": {
            "value": "uniform"
          }
        }
      }
    },
    "RI": {
      "transformation": "logit",
      "partition_id": "identical_population",
      "group": {
        "all": {
          "min": {
            "value": 0
          },
          "guess": {
            "value": 9.5e-18
          },
          "max": {
            "value": 0.95
          },
          "sd_transf": {
            "value": 0
          },
          "prior": {
            "value": "uniform"
          }
        }
      }
    },
    "r0_1": {
      "transformation": "log",
      "partition_id": "identical_population",
      "group": {
        "all": {
          "min": {
            "value": 2.05
          },
          "guess": {
            "value": 2.69856
          },
          "max": {
            "value": 2.78
          },
          "sd_transf": {
            "value": 0.04
          },
          "prior": {
            "value": "normal"
          }
        }
      }
    },
    "r0_2": {
      "transformation": "log",
      "partition_id": "identical_population",
      "group": {
        "all": {
          "min": {
            "value": 2.05
          },
          "guess": {
            "value": 2.76444
          },
          "max": {
            "value": 2.78
          },
          "sd_transf": {
            "value": 0.04
          },
          "prior": {
            "value": "normal"
          }
        }
      }
    },
    "v": {
      "unit": "D",
      "type": "rate_as_duration",
      "transformation": "log",
      "partition_id": "identical_population",
      "group": {
        "all": {
          "min": {
            "value": 2.15
          },
          "guess": {
            "value": 3.26087
          },
          "max": {
            "value": 2.81
          },
          "sd_transf": {
            "value": 0.04
          },
          "prior": {
            "value": "normal"
          }
        }
      }
    },
    "e": {
      "transformation": "logit",
      "partition_id": "identical_population",
      "group": {
        "all": {
          "min": {
            "value": 0.001
          },
          "guess": {
            "value": 0.0528242
          },
          "max": {
            "value": 0.3
          },
          "sd_transf": {
            "value": 0.2
          },
          "prior": {
            "value": "uniform"
          }
        }
      }
    },
    "d": {
      "transformation": "log",
      "partition_id": "identical_population",
      "group": {
        "all": {
          "min": {
            "value": 0.6
          },
          "guess": {
            "value": 0.92425
          },
          "max": {
            "value": 0.99
          },
          "sd_transf": {
            "value": 0.04
          },
          "prior": {
            "value": "uniform"
          }
        }
      }
    },
    "sigma": {
      "transformation": "logit",
      "partition_id": "identical_population",
      "group": {
        "all": {
          "min": {
            "value": 0.1
          },
          "guess": {
            "value": 0.964783
          },
          "max": {
            "value": 0.98
          },
          "sd_transf": {
            "value": 0.2
          },
          "prior": {
            "value": "uniform"
          }
        }
      }
    },
    "sto": {
      "transformation": "log",
      "partition_id": "identical_population",
      "group": {
        "all": {
          "min": {
            "value": 0
          },
          "guess": {
            "value": 0.631379
          },
          "max": {
            "value": 0.8
          },
          "sd_transf": {
            "value": 0.02
          },
          "prior": {
            "value": "uniform"
          }
        }
      }
    },
    "iota_1": {
      "transformation": "scale_pow10_bounded",
      "partition_id": "identical_population",
      "group": {
        "all": {
          "min": {
            "value": -3.5
          },
          "guess": {
            "value": -3.49849
          },
          "max": {
            "value": 4
          },
          "sd_transf": {
            "value": 0.04
          },
          "prior": {
            "value": "uniform"
          }
        }
      }
    },
    "iota_2": {
      "transformation": "scale_pow10_bounded",
      "partition_id": "identical_population",
      "group": {
        "all": {
          "min": {
            "value": -3.5
          },
          "guess": {
            "value": 0.205705
          },
          "max": {
            "value": 4
          },
          "sd_transf": {
            "value": 0.04
          },
          "prior": {
            "value": "uniform"
          }
        }
      }
    },
    "g": {
      "unit": "Y",
      "transformation": "log",
      "partition_id": "identical_population",
      "group": {
        "all": {
          "min": {
            "value": 0.0125
          },
          "guess": {
            "value": 0.0141848
          },
          "max": {
            "value": 1
          },
          "sd_transf": {
            "value": 0.04
          },
          "prior": {
            "value": "uniform"
          }
        }
      }
    },
    "rep": {
      "transformation": "logit",
      "partition_id": "variable_time_series",
      "group": {
        "EV71_JAP__IASR__inc": {
          "min": {
            "value": 0.05
          },
          "guess": {
            "value": 0.0779802
          },
          "max": {
            "value": 0.3
          },
          "sd_transf": {
            "value": 0.2
          },
          "prior": {
            "value": "normal"
          }
        },
        "CA16_JAP__IASR__inc": {
          "min": {
            "value": 0.05
          },
          "guess": {
            "value": 0.0911777
          },
          "max": {
            "value": 0.3
          },
          "sd_transf": {
            "value": 0.2
          },
          "prior": {
            "value": "normal"
          }
        }
      }
    }
  },
  "partition": {
    "variable_population": {
      "group": [
        {
          "id": "Japan__all",
          "population_id": [
            "Japan__all"
          ]
        }
      ]
    },
    "variable_time_series": {
      "group": [
        {
          "id": "EV71_JAP__IASR__inc",
          "time_series_id": [
            "EV71_JAP__IASR__inc"
          ]
        },
        {
          "id": "CA16_JAP__IASR__inc",
          "time_series_id": [
            "CA16_JAP__IASR__inc"
          ]
        }
      ]
    },
    "identical_population": {
      "group": [
        {
          "id": "all",
          "population_id": [
            "Japan__all"
          ]
        }
      ]
    },
    "identical_time_series": {
      "group": [
        {
          "id": "all",
          "time_series_id": [
            "EV71_JAP__IASR__inc",
            "CA16_JAP__IASR__inc"
          ]
        }
      ]
    }
  },
  "covariance": [
    [
      "SS:all",
      "IS:all",
      "SI:all",
      "RS:all",
      "SR:all",
      "IR:all",
      "RI:all",
      "r0_1:all",
      "r0_2:all",
      "v:all",
      "e:all",
      "d:all",
      "sigma:all",
      "sto:all",
      "iota_1:all",
      "iota_2:all",
      "g:all",
      "rep:EV71_JAP__IASR__inc",
      "rep:CA16_JAP__IASR__inc"
    ],
    [
      0.0000135847,
      -0.000001388,
      0.00000788457,
      -0.0000243694,
      -0.0000267123,
      0,
      0,
      -0.00000385492,
      -0.00000446949,
      0.00000169378,
      0.0000130687,
      -0.00000208801,
      -0.0000163886,
      0,
      0.00000457411,
      0.00000219809,
      -0.00000414193,
      -5.25921e-7,
      0.00000876069
    ],
    [
      -0.000001388,
      0.000209189,
      -0.0000502641,
      -0.0000600646,
      -0.00000598585,
      0,
      0,
      -0.00000591226,
      0.00000968057,
      0.00000286608,
      0.00020289,
      -0.0000289973,
      -0.000112601,
      0,
      0.00000584071,
      0.00000875263,
      0.0000232733,
      -0.0000417736,
      0.000127799
    ],
    [
      0.00000788457,
      -0.0000502641,
      0.0000257056,
      -0.00000499637,
      -0.0000113242,
      0,
      0,
      -0.00000114957,
      -0.00000399707,
      -2.71135e-7,
      -0.0000387384,
      0.00000398244,
      0.0000176926,
      0,
      0.00000151492,
      -2.55331e-7,
      -0.00000756572,
      0.00000500604,
      -0.0000242901
    ],
    [
      -0.0000243694,
      -0.0000600646,
      -0.00000499637,
      0.0000944551,
      0.0000484257,
      0,
      0,
      0.00000888688,
      0.00000141937,
      -0.0000054954,
      -0.0000712736,
      0.0000185651,
      0.0000678459,
      0,
      -0.0000102849,
      -0.0000106704,
      8.06129e-7,
      0.0000178747,
      -0.0000606246
    ],
    [
      -0.0000267123,
      -0.00000598585,
      -0.0000113242,
      0.0000484257,
      0.0000677157,
      0,
      0,
      0.00000520993,
      0.00000872499,
      -0.00000533648,
      -0.0000294183,
      0.00000506405,
      0.0000392126,
      0,
      -0.0000100956,
      -0.00000520486,
      0.00000737325,
      -1.48368e-7,
      -0.0000237013
    ],
    [
      0,
      0,
      0,
      0,
      0,
      0,
      0,
      0,
      0,
      0,
      0,
      0,
      0,
      0,
      0,
      0,
      0,
      0,
      0
    ],
    [
      0,
      0,
      0,
      0,
      0,
      0,
      0,
      0,
      0,
      0,
      0,
      0,
      0,
      0,
      0,
      0,
      0,
      0,
      0
    ],
    [
      -0.00000385492,
      -0.00000591226,
      -0.00000114957,
      0.00000888688,
      0.00000520993,
      0,
      0,
      0.00000177043,
      9.62843e-7,
      -1.86936e-7,
      -0.000011585,
      0.00000148246,
      0.00000776581,
      0,
      -0.00000136778,
      -7.70205e-7,
      4.31484e-7,
      0.00000182314,
      -0.00000638241
    ],
    [
      -0.00000446949,
      0.00000968057,
      -0.00000399707,
      0.00000141937,
      0.00000872499,
      0,
      0,
      9.62843e-7,
      0.00000236383,
      -2.653e-7,
      0.00000341623,
      -0.00000135054,
      -1.37093e-7,
      0,
      -0.00000119577,
      1.53994e-7,
      0.0000023622,
      -0.00000220679,
      0.00000361339
    ],
    [
      0.00000169378,
      0.00000286608,
      -2.71135e-7,
      -0.0000054954,
      -0.00000533648,
      0,
      0,
      -1.86936e-7,
      -2.653e-7,
      0.00000103692,
      0.00000173014,
      -8.96956e-7,
      -0.00000399097,
      0,
      7.83796e-7,
      7.45231e-7,
      -4.13747e-7,
      -2.70044e-7,
      0.00000201729
    ],
    [
      0.0000130687,
      0.00020289,
      -0.0000387384,
      -0.0000712736,
      -0.0000294183,
      0,
      0,
      -0.000011585,
      0.00000341623,
      0.00000173014,
      0.000255252,
      -0.0000287874,
      -0.000129558,
      0,
      0.0000115742,
      0.00000908218,
      0.0000195492,
      -0.0000363789,
      0.000143638
    ],
    [
      -0.00000208801,
      -0.0000289973,
      0.00000398244,
      0.0000185651,
      0.00000506405,
      0,
      0,
      0.00000148246,
      -0.00000135054,
      -8.96956e-7,
      -0.0000287874,
      0.0000061796,
      0.0000196971,
      0,
      -0.00000180254,
      -0.00000241463,
      -0.00000272212,
      0.00000768738,
      -0.0000214551
    ],
    [
      -0.0000163886,
      -0.000112601,
      0.0000176926,
      0.0000678459,
      0.0000392126,
      0,
      0,
      0.00000776581,
      -1.37093e-7,
      -0.00000399097,
      -0.000129558,
      0.0000196971,
      0.0000937299,
      0,
      -0.00000941361,
      -0.00000850247,
      -0.00000707214,
      0.0000225194,
      -0.0000885175
    ],
    [
      0,
      0,
      0,
      0,
      0,
      0,
      0,
      0,
      0,
      0,
      0,
      0,
      0,
      0,
      0,
      0,
      0,
      0,
      0
    ],
    [
      0.00000457411,
      0.00000584071,
      0.00000151492,
      -0.0000102849,
      -0.0000100956,
      0,
      0,
      -0.00000136778,
      -0.00000119577,
      7.83796e-7,
      0.0000115742,
      -0.00000180254,
      -0.00000941361,
      0,
      0.00000229432,
      0.000001069,
      -7.89396e-7,
      -0.00000191836,
      0.00000700057
    ],
    [
      0.00000219809,
      0.00000875263,
      -2.55331e-7,
      -0.0000106704,
      -0.00000520486,
      0,
      0,
      -7.70205e-7,
      1.53994e-7,
      7.45231e-7,
      0.00000908218,
      -0.00000241463,
      -0.00000850247,
      0,
      0.000001069,
      0.00000174436,
      1.87696e-7,
      -0.0000016425,
      0.00000885692
    ],
    [
      -0.00000414193,
      0.0000232733,
      -0.00000756572,
      8.06129e-7,
      0.00000737325,
      0,
      0,
      4.31484e-7,
      0.0000023622,
      -4.13747e-7,
      0.0000195492,
      -0.00000272212,
      -0.00000707214,
      0,
      -7.89396e-7,
      1.87696e-7,
      0.00000460757,
      -0.00000418075,
      0.0000126882
    ],
    [
      -5.25921e-7,
      -0.0000417736,
      0.00000500604,
      0.0000178747,
      -1.48368e-7,
      0,
      0,
      0.00000182314,
      -0.00000220679,
      -2.70044e-7,
      -0.0000363789,
      0.00000768738,
      0.0000225194,
      0,
      -0.00000191836,
      -0.0000016425,
      -0.00000418075,
      0.0000249117,
      -0.0000266677
    ],
    [
      0.00000876069,
      0.000127799,
      -0.0000242901,
      -0.0000606246,
      -0.0000237013,
      0,
      0,
      -0.00000638241,
      0.00000361339,
      0.00000201729,
      0.000143638,
      -0.0000214551,
      -0.0000885175,
      0,
      0.00000700057,
      0.00000885692,
      0.0000126882,
      -0.0000266677,
      0.000113044
    ]
  ]
}