{
  "name": "SIQR_HBRS_B HFMD Japan",
  "description": "...",
  "type": "theta",
  "parameter": {
    "SS": {
      "transformation": "logit",
      "partition_id": "identical_population",
      "group": {
        "all": {
          "min": {
            "value": 0
          },
          "guess": {
            "value": 0.295324
          },
          "max": {
            "value": 0.95
          },
          "sd_transf": {
            "value": 0.2
          },
          "prior": {
            "value": "uniform"
          }
        }
      }
    },
    "IS": {
      "transformation": "logit",
      "partition_id": "identical_population",
      "group": {
        "all": {
          "min": {
            "value": 0
          },
          "guess": {
            "value": 0.00000146681
          },
          "max": {
            "value": 0.01
          },
          "sd_transf": {
            "value": 0.2
          },
          "prior": {
            "value": "uniform"
          }
        }
      }
    },
    "SI": {
      "transformation": "logit",
      "partition_id": "identical_population",
      "group": {
        "all": {
          "min": {
            "value": 0
          },
          "guess": {
            "value": 0.00000101334
          },
          "max": {
            "value": 0.01
          },
          "sd_transf": {
            "value": 0.2
          },
          "prior": {
            "value": "uniform"
          }
        }
      }
    },
    "RS": {
      "transformation": "logit",
      "partition_id": "identical_population",
      "group": {
        "all": {
          "min": {
            "value": 0
          },
          "guess": {
            "value": 0.0605785
          },
          "max": {
            "value": 0.95
          },
          "sd_transf": {
            "value": 0.2
          },
          "prior": {
            "value": "uniform"
          }
        }
      }
    },
    "SR": {
      "transformation": "logit",
      "partition_id": "identical_population",
      "group": {
        "all": {
          "min": {
            "value": 0
          },
          "guess": {
            "value": 0.222692
          },
          "max": {
            "value": 0.95
          },
          "sd_transf": {
            "value": 0.2
          },
          "prior": {
            "value": "uniform"
          }
        }
      }
    },
    "IR": {
      "transformation": "logit",
      "partition_id": "identical_population",
      "group": {
        "all": {
          "min": {
            "value": 0
          },
          "guess": {
            "value": 9.5e-18
          },
          "max": {
            "value": 0.95
          },
          "sd_transf": {
            "value": 0
          },
          "prior": {
            "value": "uniform"
          }
        }
      }
    },
    "RI": {
      "transformation": "logit",
      "partition_id": "identical_population",
      "group": {
        "all": {
          "min": {
            "value": 0
          },
          "guess": {
            "value": 9.5e-18
          },
          "max": {
            "value": 0.95
          },
          "sd_transf": {
            "value": 0
          },
          "prior": {
            "value": "uniform"
          }
        }
      }
    },
    "SQ": {
      "transformation": "logit",
      "partition_id": "identical_population",
      "group": {
        "all": {
          "min": {
            "value": 0
          },
          "guess": {
            "value": 9.5e-18
          },
          "max": {
            "value": 0.95
          },
          "sd_transf": {
            "value": 0
          },
          "prior": {
            "value": "uniform"
          }
        }
      }
    },
    "QS": {
      "transformation": "logit",
      "partition_id": "identical_population",
      "group": {
        "all": {
          "min": {
            "value": 0
          },
          "guess": {
            "value": 9.5e-18
          },
          "max": {
            "value": 0.95
          },
          "sd_transf": {
            "value": 0
          },
          "prior": {
            "value": "uniform"
          }
        }
      }
    },
    "QR": {
      "transformation": "logit",
      "partition_id": "identical_population",
      "group": {
        "all": {
          "min": {
            "value": 0
          },
          "guess": {
            "value": 9.5e-18
          },
          "max": {
            "value": 0.95
          },
          "sd_transf": {
            "value": 0
          },
          "prior": {
            "value": "uniform"
          }
        }
      }
    },
    "RQ": {
      "transformation": "logit",
      "partition_id": "identical_population",
      "group": {
        "all": {
          "min": {
            "value": 0
          },
          "guess": {
            "value": 9.5e-18
          },
          "max": {
            "value": 0.95
          },
          "sd_transf": {
            "value": 0
          },
          "prior": {
            "value": "uniform"
          }
        }
      }
    },
    "r0_1": {
      "transformation": "log",
      "partition_id": "identical_population",
      "group": {
        "all": {
          "min": {
            "value": 2.05
          },
          "guess": {
            "value": 2.15172
          },
          "max": {
            "value": 2.78
          },
          "sd_transf": {
            "value": 0.04
          },
          "prior": {
            "value": "normal"
          }
        }
      }
    },
    "r0_2": {
      "transformation": "log",
      "partition_id": "identical_population",
      "group": {
        "all": {
          "min": {
            "value": 2.05
          },
          "guess": {
            "value": 2.92833
          },
          "max": {
            "value": 2.78
          },
          "sd_transf": {
            "value": 0.04
          },
          "prior": {
            "value": "normal"
          }
        }
      }
    },
    "v": {
      "unit": "D",
      "type": "rate_as_duration",
      "transformation": "log",
      "partition_id": "identical_population",
      "group": {
        "all": {
          "min": {
            "value": 2.15
          },
          "guess": {
            "value": 0.618502
          },
          "max": {
            "value": 2.81
          },
          "sd_transf": {
            "value": 0.04
          },
          "prior": {
            "value": "normal"
          }
        }
      }
    },
    "e": {
      "transformation": "logit",
      "partition_id": "identical_population",
      "group": {
        "all": {
          "min": {
            "value": 0.001
          },
          "guess": {
            "value": 0.00874936
          },
          "max": {
            "value": 0.3
          },
          "sd_transf": {
            "value": 0.2
          },
          "prior": {
            "value": "uniform"
          }
        }
      }
    },
    "d": {
      "transformation": "log",
      "partition_id": "identical_population",
      "group": {
        "all": {
          "min": {
            "value": 0.6
          },
          "guess": {
            "value": 0.901635
          },
          "max": {
            "value": 0.99
          },
          "sd_transf": {
            "value": 0.04
          },
          "prior": {
            "value": "uniform"
          }
        }
      }
    },
    "sigma": {
      "transformation": "logit",
      "partition_id": "identical_population",
      "group": {
        "all": {
          "min": {
            "value": 0.1
          },
          "guess": {
            "value": 0.77452
          },
          "max": {
            "value": 0.98
          },
          "sd_transf": {
            "value": 0.2
          },
          "prior": {
            "value": "uniform"
          }
        }
      }
    },
    "sto": {
      "transformation": "log",
      "partition_id": "identical_population",
      "group": {
        "all": {
          "min": {
            "value": 0
          },
          "guess": {
            "value": 0.0435611
          },
          "max": {
            "value": 0.8
          },
          "sd_transf": {
            "value": 0.02
          },
          "prior": {
            "value": "uniform"
          }
        }
      }
    },
    "iota_1": {
      "transformation": "scale_pow10_bounded",
      "partition_id": "identical_population",
      "group": {
        "all": {
          "min": {
            "value": -3.5
          },
          "guess": {
            "value": -0.912008
          },
          "max": {
            "value": 4
          },
          "sd_transf": {
            "value": 0.04
          },
          "prior": {
            "value": "uniform"
          }
        }
      }
    },
    "iota_2": {
      "transformation": "scale_pow10_bounded",
      "partition_id": "identical_population",
      "group": {
        "all": {
          "min": {
            "value": -3.5
          },
          "guess": {
            "value": -0.220144
          },
          "max": {
            "value": 4
          },
          "sd_transf": {
            "value": 0.04
          },
          "prior": {
            "value": "uniform"
          }
        }
      }
    },
    "q": {
      "unit": "M",
      "type": "rate_as_duration",
      "transformation": "log",
      "partition_id": "identical_population",
      "group": {
        "all": {
          "min": {
            "value": 0.05
          },
          "guess": {
            "value": 2.27998
          },
          "max": {
            "value": 12
          },
          "sd_transf": {
            "value": 0.04
          },
          "prior": {
            "value": "uniform"
          }
        }
      }
    },
    "rep": {
      "transformation": "logit",
      "partition_id": "variable_time_series",
      "group": {
        "EV71_JAP__IASR__inc": {
          "min": {
            "value": 0.05
          },
          "guess": {
            "value": 0.265561
          },
          "max": {
            "value": 0.3
          },
          "sd_transf": {
            "value": 0.2
          },
          "prior": {
            "value": "normal"
          }
        },
        "CA16_JAP__IASR__inc": {
          "min": {
            "value": 0.05
          },
          "guess": {
            "value": 0.241913
          },
          "max": {
            "value": 0.3
          },
          "sd_transf": {
            "value": 0.2
          },
          "prior": {
            "value": "normal"
          }
        }
      }
    }
  },
  "partition": {
    "variable_population": {
      "group": [
        {
          "id": "Japan__all",
          "population_id": [
            "Japan__all"
          ]
        }
      ]
    },
    "variable_time_series": {
      "group": [
        {
          "id": "EV71_JAP__IASR__inc",
          "time_series_id": [
            "EV71_JAP__IASR__inc"
          ]
        },
        {
          "id": "CA16_JAP__IASR__inc",
          "time_series_id": [
            "CA16_JAP__IASR__inc"
          ]
        }
      ]
    },
    "identical_population": {
      "group": [
        {
          "id": "all",
          "population_id": [
            "Japan__all"
          ]
        }
      ]
    },
    "identical_time_series": {
      "group": [
        {
          "id": "all",
          "time_series_id": [
            "EV71_JAP__IASR__inc",
            "CA16_JAP__IASR__inc"
          ]
        }
      ]
    }
  },
  "covariance": [
    [
      "SS:all",
      "IS:all",
      "SI:all",
      "RS:all",
      "SR:all",
      "IR:all",
      "RI:all",
      "SQ:all",
      "QS:all",
      "QR:all",
      "RQ:all",
      "r0_1:all",
      "r0_2:all",
      "v:all",
      "e:all",
      "d:all",
      "sigma:all",
      "sto:all",
      "iota_1:all",
      "iota_2:all",
      "q:all",
      "rep:EV71_JAP__IASR__inc",
      "rep:CA16_JAP__IASR__inc"
    ],
    [
      0.00000674505,
      0.0000317774,
      0.0000104706,
      -0.0000113801,
      -0.0000168459,
      0,
      0,
      0,
      0,
      0,
      0,
      0.00000127856,
      -0.00000273207,
      3.22791e-7,
      0.00000769643,
      -9.51286e-7,
      0.00000676339,
      0,
      -0.00000183089,
      -0.00000205638,
      0.00000540178,
      -0.00000452013,
      0.00000527821
    ],
    [
      0.0000317774,
      0.000491609,
      0.0000899924,
      -0.000148476,
      -0.0000215201,
      0,
      0,
      0,
      0,
      0,
      0,
      -0.0000145015,
      -0.00000178823,
      0.00000234,
      0.00018423,
      -0.0000393083,
      0.0000654799,
      0,
      0.0000132208,
      -0.0000308536,
      0.0000451288,
      0.000023213,
      0.0000812694
    ],
    [
      0.0000104706,
      0.0000899924,
      0.0000516309,
      -0.0000399704,
      -0.0000237114,
      0,
      0,
      0,
      0,
      0,
      0,
      7.16961e-7,
      -0.00000159667,
      0.00000151664,
      0.0000213667,
      -0.00000514549,
      0.0000161448,
      0,
      1.59458e-7,
      -0.00000606763,
      0.0000126734,
      -0.00000847796,
      0.000019401
    ],
    [
      -0.0000113801,
      -0.000148476,
      -0.0000399704,
      0.0000792596,
      0.0000172455,
      0,
      0,
      0,
      0,
      0,
      0,
      0.00000217039,
      -0.00000285243,
      1.36783e-7,
      -0.0000381813,
      0.000011644,
      -0.0000221332,
      0,
      -0.00000393857,
      0.00000740086,
      -0.0000209249,
      -0.0000110409,
      -0.0000402611
    ],
    [
      -0.0000168459,
      -0.0000215201,
      -0.0000237114,
      0.0000172455,
      0.0000826662,
      0,
      0,
      0,
      0,
      0,
      0,
      -0.0000155984,
      0.00000797346,
      -8.20583e-7,
      0.00000345267,
      -0.00000689966,
      -0.0000108267,
      0,
      0.0000116337,
      -5.15569e-7,
      -0.0000210751,
      0.000031277,
      -0.0000160749
    ],
    [
      0,
      0,
      0,
      0,
      0,
      0,
      0,
      0,
      0,
      0,
      0,
      0,
      0,
      0,
      0,
      0,
      0,
      0,
      0,
      0,
      0,
      0,
      0
    ],
    [
      0,
      0,
      0,
      0,
      0,
      0,
      0,
      0,
      0,
      0,
      0,
      0,
      0,
      0,
      0,
      0,
      0,
      0,
      0,
      0,
      0,
      0,
      0
    ],
    [
      0,
      0,
      0,
      0,
      0,
      0,
      0,
      0,
      0,
      0,
      0,
      0,
      0,
      0,
      0,
      0,
      0,
      0,
      0,
      0,
      0,
      0,
      0
    ],
    [
      0,
      0,
      0,
      0,
      0,
      0,
      0,
      0,
      0,
      0,
      0,
      0,
      0,
      0,
      0,
      0,
      0,
      0,
      0,
      0,
      0,
      0,
      0
    ],
    [
      0,
      0,
      0,
      0,
      0,
      0,
      0,
      0,
      0,
      0,
      0,
      0,
      0,
      0,
      0,
      0,
      0,
      0,
      0,
      0,
      0,
      0,
      0
    ],
    [
      0,
      0,
      0,
      0,
      0,
      0,
      0,
      0,
      0,
      0,
      0,
      0,
      0,
      0,
      0,
      0,
      0,
      0,
      0,
      0,
      0,
      0,
      0
    ],
    [
      0.00000127856,
      -0.0000145015,
      7.16961e-7,
      0.00000217039,
      -0.0000155984,
      0,
      0,
      0,
      0,
      0,
      0,
      0.00000411471,
      -9.60189e-7,
      2.93395e-8,
      -0.00000628467,
      0.00000289635,
      -0.00000149751,
      0,
      -0.0000025856,
      0.00000151755,
      0.00000292229,
      -0.00000757329,
      0.0000012912
    ],
    [
      -0.00000273207,
      -0.00000178823,
      -0.00000159667,
      -0.00000285243,
      0.00000797346,
      0,
      0,
      0,
      0,
      0,
      0,
      -9.60189e-7,
      0.00000204564,
      -2.37168e-7,
      -2.61893e-7,
      -7.80013e-7,
      -0.000001681,
      0,
      0.00000158286,
      4.19051e-7,
      -7.14036e-7,
      0.00000395988,
      0.00000180753
    ],
    [
      3.22791e-7,
      0.00000234,
      0.00000151664,
      1.36783e-7,
      -8.20583e-7,
      0,
      0,
      0,
      0,
      0,
      0,
      2.93395e-8,
      -2.37168e-7,
      6.38996e-7,
      8.20878e-7,
      -2.39385e-7,
      7.3456e-7,
      0,
      8.30793e-9,
      -1.59807e-7,
      -6.04583e-8,
      6.48465e-7,
      -8.77962e-7
    ],
    [
      0.00000769643,
      0.00018423,
      0.0000213667,
      -0.0000381813,
      0.00000345267,
      0,
      0,
      0,
      0,
      0,
      0,
      -0.00000628467,
      -2.61893e-7,
      8.20878e-7,
      0.000110271,
      -0.0000152627,
      0.0000143269,
      0,
      0.00000791164,
      -0.0000118923,
      0.0000111098,
      3.89476e-7,
      0.0000231829
    ],
    [
      -9.51286e-7,
      -0.0000393083,
      -0.00000514549,
      0.000011644,
      -0.00000689966,
      0,
      0,
      0,
      0,
      0,
      0,
      0.00000289635,
      -7.80013e-7,
      -2.39385e-7,
      -0.0000152627,
      0.00000492454,
      -0.00000449926,
      0,
      -0.00000247245,
      0.00000237046,
      -0.00000165423,
      -0.00000621907,
      -0.00000511437
    ],
    [
      0.00000676339,
      0.0000654799,
      0.0000161448,
      -0.0000221332,
      -0.0000108267,
      0,
      0,
      0,
      0,
      0,
      0,
      -0.00000149751,
      -0.000001681,
      7.3456e-7,
      0.0000143269,
      -0.00000449926,
      0.0000194443,
      0,
      -3.48179e-7,
      -0.00000462556,
      0.00000868391,
      0.00000670957,
      0.0000102558
    ],
    [
      0,
      0,
      0,
      0,
      0,
      0,
      0,
      0,
      0,
      0,
      0,
      0,
      0,
      0,
      0,
      0,
      0,
      0,
      0,
      0,
      0,
      0,
      0
    ],
    [
      -0.00000183089,
      0.0000132208,
      1.59458e-7,
      -0.00000393857,
      0.0000116337,
      0,
      0,
      0,
      0,
      0,
      0,
      -0.0000025856,
      0.00000158286,
      8.30793e-9,
      0.00000791164,
      -0.00000247245,
      -3.48179e-7,
      0,
      0.00000342475,
      -8.1082e-7,
      -0.00000180442,
      0.00000644271,
      0.0000016822
    ],
    [
      -0.00000205638,
      -0.0000308536,
      -0.00000606763,
      0.00000740086,
      -5.15569e-7,
      0,
      0,
      0,
      0,
      0,
      0,
      0.00000151755,
      4.19051e-7,
      -1.59807e-7,
      -0.0000118923,
      0.00000237046,
      -0.00000462556,
      0,
      -8.1082e-7,
      0.00000269079,
      -0.00000183261,
      -0.00000185603,
      -0.00000334065
    ],
    [
      0.00000540178,
      0.0000451288,
      0.0000126734,
      -0.0000209249,
      -0.0000210751,
      0,
      0,
      0,
      0,
      0,
      0,
      0.00000292229,
      -7.14036e-7,
      -6.04583e-8,
      0.0000111098,
      -0.00000165423,
      0.00000868391,
      0,
      -0.00000180442,
      -0.00000183261,
      0.0000115103,
      -0.00000366705,
      0.000015363
    ],
    [
      -0.00000452013,
      0.000023213,
      -0.00000847796,
      -0.0000110409,
      0.000031277,
      0,
      0,
      0,
      0,
      0,
      0,
      -0.00000757329,
      0.00000395988,
      6.48465e-7,
      3.89476e-7,
      -0.00000621907,
      0.00000670957,
      0,
      0.00000644271,
      -0.00000185603,
      -0.00000366705,
      0.000041366,
      -2.76927e-7
    ],
    [
      0.00000527821,
      0.0000812694,
      0.000019401,
      -0.0000402611,
      -0.0000160749,
      0,
      0,
      0,
      0,
      0,
      0,
      0.0000012912,
      0.00000180753,
      -8.77962e-7,
      0.0000231829,
      -0.00000511437,
      0.0000102558,
      0,
      0.0000016822,
      -0.00000334065,
      0.000015363,
      -2.76927e-7,
      0.0000382151
    ]
  ]
}