{
  "name": "SIRS_HBRS HFMD Japan",
  "description": "...",
  "type": "theta",
  "parameter": {
    "SS": {
      "transformation": "logit",
      "partition_id": "identical_population",
      "group": {
        "all": {
          "min": {
            "value": 0
          },
          "guess": {
            "value": 0.14734
          },
          "max": {
            "value": 0.95
          },
          "sd_transf": {
            "value": 0.2
          },
          "prior": {
            "value": "uniform"
          }
        }
      }
    },
    "IS": {
      "transformation": "logit",
      "partition_id": "identical_population",
      "group": {
        "all": {
          "min": {
            "value": 0
          },
          "guess": {
            "value": 0.0000478778
          },
          "max": {
            "value": 0.01
          },
          "sd_transf": {
            "value": 0.2
          },
          "prior": {
            "value": "uniform"
          }
        }
      }
    },
    "SI": {
      "transformation": "logit",
      "partition_id": "identical_population",
      "group": {
        "all": {
          "min": {
            "value": 0
          },
          "guess": {
            "value": 0.0000215418
          },
          "max": {
            "value": 0.01
          },
          "sd_transf": {
            "value": 0.2
          },
          "prior": {
            "value": "uniform"
          }
        }
      }
    },
    "RS": {
      "transformation": "logit",
      "partition_id": "identical_population",
      "group": {
        "all": {
          "min": {
            "value": 0
          },
          "guess": {
            "value": 0.321923
          },
          "max": {
            "value": 0.95
          },
          "sd_transf": {
            "value": 0.2
          },
          "prior": {
            "value": "uniform"
          }
        }
      }
    },
    "SR": {
      "transformation": "logit",
      "partition_id": "identical_population",
      "group": {
        "all": {
          "min": {
            "value": 0
          },
          "guess": {
            "value": 0.314863
          },
          "max": {
            "value": 0.95
          },
          "sd_transf": {
            "value": 0.2
          },
          "prior": {
            "value": "uniform"
          }
        }
      }
    },
    "IR": {
      "transformation": "logit",
      "partition_id": "identical_population",
      "group": {
        "all": {
          "min": {
            "value": 0
          },
          "guess": {
            "value": 9.5e-18
          },
          "max": {
            "value": 0.95
          },
          "sd_transf": {
            "value": 0
          },
          "prior": {
            "value": "uniform"
          }
        }
      }
    },
    "RI": {
      "transformation": "logit",
      "partition_id": "identical_population",
      "group": {
        "all": {
          "min": {
            "value": 0
          },
          "guess": {
            "value": 9.5e-18
          },
          "max": {
            "value": 0.95
          },
          "sd_transf": {
            "value": 0
          },
          "prior": {
            "value": "uniform"
          }
        }
      }
    },
    "r0_1": {
      "transformation": "log",
      "partition_id": "identical_population",
      "group": {
        "all": {
          "min": {
            "value": 2.05
          },
          "guess": {
            "value": 2.21651
          },
          "max": {
            "value": 2.78
          },
          "sd_transf": {
            "value": 0.04
          },
          "prior": {
            "value": "normal"
          }
        }
      }
    },
    "r0_2": {
      "transformation": "log",
      "partition_id": "identical_population",
      "group": {
        "all": {
          "min": {
            "value": 2.05
          },
          "guess": {
            "value": 2.1516
          },
          "max": {
            "value": 2.78
          },
          "sd_transf": {
            "value": 0.04
          },
          "prior": {
            "value": "normal"
          }
        }
      }
    },
    "v": {
      "unit": "D",
      "type": "rate_as_duration",
      "transformation": "log",
      "partition_id": "identical_population",
      "group": {
        "all": {
          "min": {
            "value": 2.15
          },
          "guess": {
            "value": 2.54035
          },
          "max": {
            "value": 2.81
          },
          "sd_transf": {
            "value": 0.04
          },
          "prior": {
            "value": "normal"
          }
        }
      }
    },
    "e": {
      "transformation": "logit",
      "partition_id": "identical_population",
      "group": {
        "all": {
          "min": {
            "value": 0.001
          },
          "guess": {
            "value": 0.0411923
          },
          "max": {
            "value": 0.3
          },
          "sd_transf": {
            "value": 0.2
          },
          "prior": {
            "value": "uniform"
          }
        }
      }
    },
    "d": {
      "transformation": "log",
      "partition_id": "identical_population",
      "group": {
        "all": {
          "min": {
            "value": 0.6
          },
          "guess": {
            "value": 0.927681
          },
          "max": {
            "value": 0.99
          },
          "sd_transf": {
            "value": 0.04
          },
          "prior": {
            "value": "uniform"
          }
        }
      }
    },
    "sigma": {
      "transformation": "logit",
      "partition_id": "identical_population",
      "group": {
        "all": {
          "min": {
            "value": 0.1
          },
          "guess": {
            "value": 0.979256
          },
          "max": {
            "value": 0.98
          },
          "sd_transf": {
            "value": 0.2
          },
          "prior": {
            "value": "uniform"
          }
        }
      }
    },
    "sto": {
      "transformation": "log",
      "partition_id": "identical_population",
      "group": {
        "all": {
          "min": {
            "value": 0
          },
          "guess": {
            "value": 0.292044
          },
          "max": {
            "value": 0.8
          },
          "sd_transf": {
            "value": 0.02
          },
          "prior": {
            "value": "uniform"
          }
        }
      }
    },
    "iota_1": {
      "transformation": "scale_pow10_bounded",
      "partition_id": "identical_population",
      "group": {
        "all": {
          "min": {
            "value": -3.5
          },
          "guess": {
            "value": -3.49501
          },
          "max": {
            "value": 4
          },
          "sd_transf": {
            "value": 0.04
          },
          "prior": {
            "value": "uniform"
          }
        }
      }
    },
    "iota_2": {
      "transformation": "scale_pow10_bounded",
      "partition_id": "identical_population",
      "group": {
        "all": {
          "min": {
            "value": -3.5
          },
          "guess": {
            "value": -3.2902
          },
          "max": {
            "value": 4
          },
          "sd_transf": {
            "value": 0.04
          },
          "prior": {
            "value": "uniform"
          }
        }
      }
    },
    "g": {
      "unit": "Y",
      "transformation": "log",
      "partition_id": "identical_population",
      "group": {
        "all": {
          "min": {
            "value": 0.0125
          },
          "guess": {
            "value": 0.0160023
          },
          "max": {
            "value": 1
          },
          "sd_transf": {
            "value": 0.04
          },
          "prior": {
            "value": "uniform"
          }
        }
      }
    },
    "rep": {
      "transformation": "logit",
      "partition_id": "variable_time_series",
      "group": {
        "EV71_JAP__IASR__inc": {
          "min": {
            "value": 0.05
          },
          "guess": {
            "value": 0.0809142
          },
          "max": {
            "value": 0.3
          },
          "sd_transf": {
            "value": 0.2
          },
          "prior": {
            "value": "normal"
          }
        },
        "CA16_JAP__IASR__inc": {
          "min": {
            "value": 0.05
          },
          "guess": {
            "value": 0.100189
          },
          "max": {
            "value": 0.3
          },
          "sd_transf": {
            "value": 0.2
          },
          "prior": {
            "value": "normal"
          }
        }
      }
    }
  },
  "partition": {
    "variable_population": {
      "group": [
        {
          "id": "Japan__all",
          "population_id": [
            "Japan__all"
          ]
        }
      ]
    },
    "variable_time_series": {
      "group": [
        {
          "id": "EV71_JAP__IASR__inc",
          "time_series_id": [
            "EV71_JAP__IASR__inc"
          ]
        },
        {
          "id": "CA16_JAP__IASR__inc",
          "time_series_id": [
            "CA16_JAP__IASR__inc"
          ]
        }
      ]
    },
    "identical_population": {
      "group": [
        {
          "id": "all",
          "population_id": [
            "Japan__all"
          ]
        }
      ]
    },
    "identical_time_series": {
      "group": [
        {
          "id": "all",
          "time_series_id": [
            "EV71_JAP__IASR__inc",
            "CA16_JAP__IASR__inc"
          ]
        }
      ]
    }
  },
  "covariance": [
    [
      "SS:all",
      "IS:all",
      "SI:all",
      "RS:all",
      "SR:all",
      "IR:all",
      "RI:all",
      "r0_1:all",
      "r0_2:all",
      "v:all",
      "e:all",
      "d:all",
      "sigma:all",
      "sto:all",
      "iota_1:all",
      "iota_2:all",
      "g:all",
      "rep:EV71_JAP__IASR__inc",
      "rep:CA16_JAP__IASR__inc"
    ],
    [
      0.0000927769,
      0.0000884777,
      0.0000239714,
      -0.000043529,
      -0.0000537336,
      0,
      0,
      -0.00000129969,
      -0.00000505941,
      -0.00000692862,
      -0.0000499696,
      -0.0000111543,
      -0.00000368786,
      0,
      0.0000165294,
      -0.00000727574,
      -0.00000638777,
      0.000102604,
      0.0000540282
    ],
    [
      0.0000884777,
      0.000104893,
      0.0000256374,
      -0.0000432866,
      -0.0000482318,
      0,
      0,
      -0.00000294799,
      -0.00000402616,
      -0.00000685201,
      -0.0000478137,
      -0.0000110313,
      0.0000082199,
      0,
      0.0000177921,
      -0.00000632665,
      -0.00000779308,
      0.0000862418,
      0.0000539425
    ],
    [
      0.0000239714,
      0.0000256374,
      0.0000162271,
      -0.00000812372,
      -0.0000154661,
      0,
      0,
      4.81121e-7,
      -0.00000267532,
      -0.0000010898,
      -0.0000175592,
      -0.00000357574,
      0.00000176308,
      0,
      0.00000565388,
      -0.00000121559,
      -0.00000239042,
      0.0000170811,
      0.000016716
    ],
    [
      -0.000043529,
      -0.0000432866,
      -0.00000812372,
      0.0000264313,
      0.0000217005,
      0,
      0,
      0.00000237842,
      -2.41783e-7,
      0.00000434735,
      0.0000213269,
      0.000004524,
      8.04282e-7,
      0,
      -0.00000724963,
      0.00000273394,
      0.00000311296,
      -0.0000446223,
      -0.0000229978
    ],
    [
      -0.0000537336,
      -0.0000482318,
      -0.0000154661,
      0.0000217005,
      0.0000349875,
      0,
      0,
      -0.00000118273,
      0.00000448654,
      0.00000366614,
      0.0000307287,
      0.00000721546,
      0.00000507042,
      0,
      -0.00000966421,
      0.00000489176,
      0.00000327602,
      -0.0000651532,
      -0.0000338073
    ],
    [
      0,
      0,
      0,
      0,
      0,
      0,
      0,
      0,
      0,
      0,
      0,
      0,
      0,
      0,
      0,
      0,
      0,
      0,
      0
    ],
    [
      0,
      0,
      0,
      0,
      0,
      0,
      0,
      0,
      0,
      0,
      0,
      0,
      0,
      0,
      0,
      0,
      0,
      0,
      0
    ],
    [
      -0.00000129969,
      -0.00000294799,
      4.81121e-7,
      0.00000237842,
      -0.00000118273,
      0,
      0,
      9.92027e-7,
      -7.13488e-7,
      2.85523e-7,
      -3.11885e-7,
      -2.16987e-7,
      -0.00000149938,
      0,
      -1.9048e-7,
      -2.24664e-7,
      3.06165e-7,
      0.00000143722,
      5.23862e-7
    ],
    [
      -0.00000505941,
      -0.00000402616,
      -0.00000267532,
      -2.41783e-7,
      0.00000448654,
      0,
      0,
      -7.13488e-7,
      0.00000142865,
      -9.79223e-8,
      0.00000368692,
      9.26975e-7,
      6.34116e-7,
      0,
      -0.00000112504,
      6.98219e-7,
      2.93581e-7,
      -0.0000072023,
      -0.0000039988
    ],
    [
      -0.00000692862,
      -0.00000685201,
      -0.0000010898,
      0.00000434735,
      0.00000366614,
      0,
      0,
      2.85523e-7,
      -9.79223e-8,
      0.00000143367,
      0.00000361512,
      9.30691e-7,
      8.39195e-7,
      0,
      -0.00000115192,
      6.70338e-7,
      4.95028e-7,
      -0.00000918333,
      -0.00000339739
    ],
    [
      -0.0000499696,
      -0.0000478137,
      -0.0000175592,
      0.0000213269,
      0.0000307287,
      0,
      0,
      -3.11885e-7,
      0.00000368692,
      0.00000361512,
      0.0000360425,
      0.00000702281,
      0.00000163862,
      0,
      -0.000010232,
      0.00000356579,
      0.00000405937,
      -0.0000545559,
      -0.0000345708
    ],
    [
      -0.0000111543,
      -0.0000110313,
      -0.00000357574,
      0.000004524,
      0.00000721546,
      0,
      0,
      -2.16987e-7,
      9.26975e-7,
      9.30691e-7,
      0.00000702281,
      0.00000210765,
      -0.00000102392,
      0,
      -0.00000252679,
      0.00000102101,
      8.67561e-7,
      -0.0000126248,
      -0.00000832591
    ],
    [
      -0.00000368786,
      0.0000082199,
      0.00000176308,
      8.04282e-7,
      0.00000507042,
      0,
      0,
      -0.00000149938,
      6.34116e-7,
      8.39195e-7,
      0.00000163862,
      -0.00000102392,
      0.0000224737,
      0,
      0.00000222156,
      0.0000019501,
      -0.00000168354,
      -0.0000258574,
      0.00000494789
    ],
    [
      0,
      0,
      0,
      0,
      0,
      0,
      0,
      0,
      0,
      0,
      0,
      0,
      0,
      0,
      0,
      0,
      0,
      0,
      0
    ],
    [
      0.0000165294,
      0.0000177921,
      0.00000565388,
      -0.00000724963,
      -0.00000966421,
      0,
      0,
      -1.9048e-7,
      -0.00000112504,
      -0.00000115192,
      -0.000010232,
      -0.00000252679,
      0.00000222156,
      0,
      0.00000395882,
      -0.00000123176,
      -0.0000015673,
      0.0000159467,
      0.0000118602
    ],
    [
      -0.00000727574,
      -0.00000632665,
      -0.00000121559,
      0.00000273394,
      0.00000489176,
      0,
      0,
      -2.24664e-7,
      6.98219e-7,
      6.70338e-7,
      0.00000356579,
      0.00000102101,
      0.0000019501,
      0,
      -0.00000123176,
      0.00000120302,
      2.47091e-7,
      -0.0000121285,
      -0.0000039106
    ],
    [
      -0.00000638777,
      -0.00000779308,
      -0.00000239042,
      0.00000311296,
      0.00000327602,
      0,
      0,
      3.06165e-7,
      2.93581e-7,
      4.95028e-7,
      0.00000405937,
      8.67561e-7,
      -0.00000168354,
      0,
      -0.0000015673,
      2.47091e-7,
      0.00000104071,
      -0.00000406199,
      -0.00000510427
    ],
    [
      0.000102604,
      0.0000862418,
      0.0000170811,
      -0.0000446223,
      -0.0000651532,
      0,
      0,
      0.00000143722,
      -0.0000072023,
      -0.00000918333,
      -0.0000545559,
      -0.0000126248,
      -0.0000258574,
      0,
      0.0000159467,
      -0.0000121285,
      -0.00000406199,
      0.000161637,
      0.0000555184
    ],
    [
      0.0000540282,
      0.0000539425,
      0.000016716,
      -0.0000229978,
      -0.0000338073,
      0,
      0,
      5.23862e-7,
      -0.0000039988,
      -0.00000339739,
      -0.0000345708,
      -0.00000832591,
      0.00000494789,
      0,
      0.0000118602,
      -0.0000039106,
      -0.00000510427,
      0.0000555184,
      0.0000477967
    ]
  ]
}