{
  "name": "SIQR_HBRS HFMD Japan",
  "description": "...",
  "type": "theta",
  "parameter": {
    "SS": {
      "transformation": "logit",
      "partition_id": "identical_population",
      "group": {
        "all": {
          "min": {
            "value": 0
          },
          "guess": {
            "value": 0.29531
          },
          "max": {
            "value": 0.95
          },
          "sd_transf": {
            "value": 0.2
          },
          "prior": {
            "value": "uniform"
          }
        }
      }
    },
    "IS": {
      "transformation": "logit",
      "partition_id": "identical_population",
      "group": {
        "all": {
          "min": {
            "value": 0
          },
          "guess": {
            "value": 0.00000157755
          },
          "max": {
            "value": 0.01
          },
          "sd_transf": {
            "value": 0.2
          },
          "prior": {
            "value": "uniform"
          }
        }
      }
    },
    "SI": {
      "transformation": "logit",
      "partition_id": "identical_population",
      "group": {
        "all": {
          "min": {
            "value": 0
          },
          "guess": {
            "value": 6.9289e-7
          },
          "max": {
            "value": 0.01
          },
          "sd_transf": {
            "value": 0.2
          },
          "prior": {
            "value": "uniform"
          }
        }
      }
    },
    "RS": {
      "transformation": "logit",
      "partition_id": "identical_population",
      "group": {
        "all": {
          "min": {
            "value": 0
          },
          "guess": {
            "value": 0.0620555
          },
          "max": {
            "value": 0.95
          },
          "sd_transf": {
            "value": 0.2
          },
          "prior": {
            "value": "uniform"
          }
        }
      }
    },
    "SR": {
      "transformation": "logit",
      "partition_id": "identical_population",
      "group": {
        "all": {
          "min": {
            "value": 0
          },
          "guess": {
            "value": 0.232107
          },
          "max": {
            "value": 0.95
          },
          "sd_transf": {
            "value": 0.2
          },
          "prior": {
            "value": "uniform"
          }
        }
      }
    },
    "IR": {
      "transformation": "logit",
      "partition_id": "identical_population",
      "group": {
        "all": {
          "min": {
            "value": 0
          },
          "guess": {
            "value": 9.5e-18
          },
          "max": {
            "value": 0.95
          },
          "sd_transf": {
            "value": 0
          },
          "prior": {
            "value": "uniform"
          }
        }
      }
    },
    "RI": {
      "transformation": "logit",
      "partition_id": "identical_population",
      "group": {
        "all": {
          "min": {
            "value": 0
          },
          "guess": {
            "value": 9.5e-18
          },
          "max": {
            "value": 0.95
          },
          "sd_transf": {
            "value": 0
          },
          "prior": {
            "value": "uniform"
          }
        }
      }
    },
    "SQ": {
      "transformation": "logit",
      "partition_id": "identical_population",
      "group": {
        "all": {
          "min": {
            "value": 0
          },
          "guess": {
            "value": 9.5e-18
          },
          "max": {
            "value": 0.95
          },
          "sd_transf": {
            "value": 0
          },
          "prior": {
            "value": "uniform"
          }
        }
      }
    },
    "QS": {
      "transformation": "logit",
      "partition_id": "identical_population",
      "group": {
        "all": {
          "min": {
            "value": 0
          },
          "guess": {
            "value": 9.5e-18
          },
          "max": {
            "value": 0.95
          },
          "sd_transf": {
            "value": 0
          },
          "prior": {
            "value": "uniform"
          }
        }
      }
    },
    "QR": {
      "transformation": "logit",
      "partition_id": "identical_population",
      "group": {
        "all": {
          "min": {
            "value": 0
          },
          "guess": {
            "value": 9.5e-18
          },
          "max": {
            "value": 0.95
          },
          "sd_transf": {
            "value": 0
          },
          "prior": {
            "value": "uniform"
          }
        }
      }
    },
    "RQ": {
      "transformation": "logit",
      "partition_id": "identical_population",
      "group": {
        "all": {
          "min": {
            "value": 0
          },
          "guess": {
            "value": 9.5e-18
          },
          "max": {
            "value": 0.95
          },
          "sd_transf": {
            "value": 0
          },
          "prior": {
            "value": "uniform"
          }
        }
      }
    },
    "r0_1": {
      "transformation": "log",
      "partition_id": "identical_population",
      "group": {
        "all": {
          "min": {
            "value": 2.05
          },
          "guess": {
            "value": 2.07562
          },
          "max": {
            "value": 2.78
          },
          "sd_transf": {
            "value": 0.04
          },
          "prior": {
            "value": "normal"
          }
        }
      }
    },
    "r0_2": {
      "transformation": "log",
      "partition_id": "identical_population",
      "group": {
        "all": {
          "min": {
            "value": 2.05
          },
          "guess": {
            "value": 2.89823
          },
          "max": {
            "value": 2.78
          },
          "sd_transf": {
            "value": 0.04
          },
          "prior": {
            "value": "normal"
          }
        }
      }
    },
    "v": {
      "unit": "D",
      "type": "rate_as_duration",
      "transformation": "log",
      "partition_id": "identical_population",
      "group": {
        "all": {
          "min": {
            "value": 2.15
          },
          "guess": {
            "value": 0.596314
          },
          "max": {
            "value": 2.81
          },
          "sd_transf": {
            "value": 0.04
          },
          "prior": {
            "value": "normal"
          }
        }
      }
    },
    "e": {
      "transformation": "logit",
      "partition_id": "identical_population",
      "group": {
        "all": {
          "min": {
            "value": 0.001
          },
          "guess": {
            "value": 0.0082992
          },
          "max": {
            "value": 0.3
          },
          "sd_transf": {
            "value": 0.2
          },
          "prior": {
            "value": "uniform"
          }
        }
      }
    },
    "d": {
      "transformation": "log",
      "partition_id": "identical_population",
      "group": {
        "all": {
          "min": {
            "value": 0.6
          },
          "guess": {
            "value": 0.904488
          },
          "max": {
            "value": 0.99
          },
          "sd_transf": {
            "value": 0.04
          },
          "prior": {
            "value": "uniform"
          }
        }
      }
    },
    "sigma": {
      "transformation": "logit",
      "partition_id": "identical_population",
      "group": {
        "all": {
          "min": {
            "value": 0.1
          },
          "guess": {
            "value": 0.814755
          },
          "max": {
            "value": 0.98
          },
          "sd_transf": {
            "value": 0.2
          },
          "prior": {
            "value": "uniform"
          }
        }
      }
    },
    "sto": {
      "transformation": "log",
      "partition_id": "identical_population",
      "group": {
        "all": {
          "min": {
            "value": 0
          },
          "guess": {
            "value": 0.488621
          },
          "max": {
            "value": 0.8
          },
          "sd_transf": {
            "value": 0.02
          },
          "prior": {
            "value": "uniform"
          }
        }
      }
    },
    "iota_1": {
      "transformation": "scale_pow10_bounded",
      "partition_id": "identical_population",
      "group": {
        "all": {
          "min": {
            "value": -3.5
          },
          "guess": {
            "value": -0.933451
          },
          "max": {
            "value": 4
          },
          "sd_transf": {
            "value": 0.04
          },
          "prior": {
            "value": "uniform"
          }
        }
      }
    },
    "iota_2": {
      "transformation": "scale_pow10_bounded",
      "partition_id": "identical_population",
      "group": {
        "all": {
          "min": {
            "value": -3.5
          },
          "guess": {
            "value": -0.217551
          },
          "max": {
            "value": 4
          },
          "sd_transf": {
            "value": 0.04
          },
          "prior": {
            "value": "uniform"
          }
        }
      }
    },
    "q": {
      "unit": "M",
      "type": "rate_as_duration",
      "transformation": "log",
      "partition_id": "identical_population",
      "group": {
        "all": {
          "min": {
            "value": 0.05
          },
          "guess": {
            "value": 3.72191
          },
          "max": {
            "value": 12
          },
          "sd_transf": {
            "value": 0.04
          },
          "prior": {
            "value": "uniform"
          }
        }
      }
    },
    "rep": {
      "transformation": "logit",
      "partition_id": "variable_time_series",
      "group": {
        "EV71_JAP__IASR__inc": {
          "min": {
            "value": 0.05
          },
          "guess": {
            "value": 0.268158
          },
          "max": {
            "value": 0.3
          },
          "sd_transf": {
            "value": 0.2
          },
          "prior": {
            "value": "normal"
          }
        },
        "CA16_JAP__IASR__inc": {
          "min": {
            "value": 0.05
          },
          "guess": {
            "value": 0.239493
          },
          "max": {
            "value": 0.3
          },
          "sd_transf": {
            "value": 0.2
          },
          "prior": {
            "value": "normal"
          }
        }
      }
    }
  },
  "partition": {
    "variable_population": {
      "group": [
        {
          "id": "Japan__all",
          "population_id": [
            "Japan__all"
          ]
        }
      ]
    },
    "variable_time_series": {
      "group": [
        {
          "id": "EV71_JAP__IASR__inc",
          "time_series_id": [
            "EV71_JAP__IASR__inc"
          ]
        },
        {
          "id": "CA16_JAP__IASR__inc",
          "time_series_id": [
            "CA16_JAP__IASR__inc"
          ]
        }
      ]
    },
    "identical_population": {
      "group": [
        {
          "id": "all",
          "population_id": [
            "Japan__all"
          ]
        }
      ]
    },
    "identical_time_series": {
      "group": [
        {
          "id": "all",
          "time_series_id": [
            "EV71_JAP__IASR__inc",
            "CA16_JAP__IASR__inc"
          ]
        }
      ]
    }
  },
  "covariance": [
    [
      "SS:all",
      "IS:all",
      "SI:all",
      "RS:all",
      "SR:all",
      "IR:all",
      "RI:all",
      "SQ:all",
      "QS:all",
      "QR:all",
      "RQ:all",
      "r0_1:all",
      "r0_2:all",
      "v:all",
      "e:all",
      "d:all",
      "sigma:all",
      "sto:all",
      "iota_1:all",
      "iota_2:all",
      "q:all",
      "rep:EV71_JAP__IASR__inc",
      "rep:CA16_JAP__IASR__inc"
    ],
    [
      0.0000232191,
      -0.0000547247,
      -0.0000562535,
      -0.0000232539,
      -0.0000271768,
      0,
      0,
      0,
      0,
      0,
      0,
      -0.00000328052,
      -0.000011161,
      0.0000018014,
      0.0000347259,
      -3.15124e-7,
      0.0000230937,
      0,
      0.0000136132,
      9.96209e-7,
      0.00000930042,
      0.0000344682,
      0.0000293627
    ],
    [
      -0.0000547247,
      0.000181536,
      0.000174922,
      0.000051475,
      0.0000587008,
      0,
      0,
      0,
      0,
      0,
      0,
      0.0000109018,
      0.0000274502,
      -0.00000814669,
      -0.00012603,
      0.0000014608,
      -0.0000788953,
      0,
      -0.0000414895,
      -0.00000446452,
      -0.0000249322,
      -0.0000904327,
      -0.0000869988
    ],
    [
      -0.0000562535,
      0.000174922,
      0.000194952,
      0.0000464788,
      0.0000579614,
      0,
      0,
      0,
      0,
      0,
      0,
      0.0000120351,
      0.0000290646,
      -0.00000934593,
      -0.000120721,
      0.00000187824,
      -0.0000831805,
      0,
      -0.0000422552,
      -0.00000420422,
      -0.000028505,
      -0.000108762,
      -0.0000882541
    ],
    [
      -0.0000232539,
      0.000051475,
      0.0000464788,
      0.0000587207,
      0.000025937,
      0,
      0,
      0,
      0,
      0,
      0,
      0.00000369409,
      0.00000639841,
      -0.00000224267,
      -0.0000385038,
      0.00000420991,
      -0.000023348,
      0,
      -0.0000119025,
      -0.0000010605,
      -0.00000619126,
      -0.0000148675,
      -0.00000613099
    ],
    [
      -0.0000271768,
      0.0000587008,
      0.0000579614,
      0.000025937,
      0.0000430176,
      0,
      0,
      0,
      0,
      0,
      0,
      9.9093e-8,
      0.0000130277,
      -8.46541e-7,
      -0.0000352961,
      -0.00000183093,
      -0.0000209687,
      0,
      -0.0000172299,
      1.48477e-8,
      -0.0000119287,
      -0.0000556242,
      -0.0000400017
    ],
    [
      0,
      0,
      0,
      0,
      0,
      0,
      0,
      0,
      0,
      0,
      0,
      0,
      0,
      0,
      0,
      0,
      0,
      0,
      0,
      0,
      0,
      0,
      0
    ],
    [
      0,
      0,
      0,
      0,
      0,
      0,
      0,
      0,
      0,
      0,
      0,
      0,
      0,
      0,
      0,
      0,
      0,
      0,
      0,
      0,
      0,
      0,
      0
    ],
    [
      0,
      0,
      0,
      0,
      0,
      0,
      0,
      0,
      0,
      0,
      0,
      0,
      0,
      0,
      0,
      0,
      0,
      0,
      0,
      0,
      0,
      0,
      0
    ],
    [
      0,
      0,
      0,
      0,
      0,
      0,
      0,
      0,
      0,
      0,
      0,
      0,
      0,
      0,
      0,
      0,
      0,
      0,
      0,
      0,
      0,
      0,
      0
    ],
    [
      0,
      0,
      0,
      0,
      0,
      0,
      0,
      0,
      0,
      0,
      0,
      0,
      0,
      0,
      0,
      0,
      0,
      0,
      0,
      0,
      0,
      0,
      0
    ],
    [
      0,
      0,
      0,
      0,
      0,
      0,
      0,
      0,
      0,
      0,
      0,
      0,
      0,
      0,
      0,
      0,
      0,
      0,
      0,
      0,
      0,
      0,
      0
    ],
    [
      -0.00000328052,
      0.0000109018,
      0.0000120351,
      0.00000369409,
      9.9093e-8,
      0,
      0,
      0,
      0,
      0,
      0,
      0.0000018461,
      0.00000164153,
      -8.79459e-7,
      -0.00000780023,
      6.55899e-7,
      -0.00000740946,
      0,
      -0.00000167834,
      -5.40452e-7,
      -0.0000011242,
      2.26458e-7,
      -0.00000225563
    ],
    [
      -0.000011161,
      0.0000274502,
      0.0000290646,
      0.00000639841,
      0.0000130277,
      0,
      0,
      0,
      0,
      0,
      0,
      0.00000164153,
      0.00000603515,
      -9.12614e-7,
      -0.0000168693,
      -3.65781e-7,
      -0.0000119471,
      0,
      -0.00000682846,
      -5.23524e-7,
      -0.00000492474,
      -0.0000188026,
      -0.0000171343
    ],
    [
      0.0000018014,
      -0.00000814669,
      -0.00000934593,
      -0.00000224267,
      -8.46541e-7,
      0,
      0,
      0,
      0,
      0,
      0,
      -8.79459e-7,
      -9.12614e-7,
      0.00000158203,
      0.00000666943,
      -4.66967e-7,
      0.00000577624,
      0,
      0.00000148134,
      7.3142e-7,
      7.58646e-7,
      -0.00000277959,
      -0.00000184722
    ],
    [
      0.0000347259,
      -0.00012603,
      -0.000120721,
      -0.0000385038,
      -0.0000352961,
      0,
      0,
      0,
      0,
      0,
      0,
      -0.00000780023,
      -0.0000168693,
      0.00000666943,
      0.000120581,
      -0.00000418451,
      0.0000530288,
      0,
      0.0000278952,
      0.00000647931,
      0.0000159431,
      0.0000485871,
      0.0000534317
    ],
    [
      -3.15124e-7,
      0.0000014608,
      0.00000187824,
      0.00000420991,
      -0.00000183093,
      0,
      0,
      0,
      0,
      0,
      0,
      6.55899e-7,
      -3.65781e-7,
      -4.66967e-7,
      -0.00000418451,
      0.00000199268,
      6.16345e-7,
      0,
      -4.17392e-8,
      -0.00000112197,
      5.68856e-7,
      0.00000773521,
      0.00000614324
    ],
    [
      0.0000230937,
      -0.0000788953,
      -0.0000831805,
      -0.000023348,
      -0.0000209687,
      0,
      0,
      0,
      0,
      0,
      0,
      -0.00000740946,
      -0.0000119471,
      0.00000577624,
      0.0000530288,
      6.16345e-7,
      0.0000606874,
      0,
      0.0000156688,
      0.00000154865,
      0.0000111914,
      0.0000258913,
      0.0000253084
    ],
    [
      0,
      0,
      0,
      0,
      0,
      0,
      0,
      0,
      0,
      0,
      0,
      0,
      0,
      0,
      0,
      0,
      0,
      0,
      0,
      0,
      0,
      0,
      0
    ],
    [
      0.0000136132,
      -0.0000414895,
      -0.0000422552,
      -0.0000119025,
      -0.0000172299,
      0,
      0,
      0,
      0,
      0,
      0,
      -0.00000167834,
      -0.00000682846,
      0.00000148134,
      0.0000278952,
      -4.17392e-8,
      0.0000156688,
      0,
      0.0000119662,
      9.53965e-7,
      0.00000692269,
      0.0000296773,
      0.0000221938
    ],
    [
      9.96209e-7,
      -0.00000446452,
      -0.00000420422,
      -0.0000010605,
      1.48477e-8,
      0,
      0,
      0,
      0,
      0,
      0,
      -5.40452e-7,
      -5.23524e-7,
      7.3142e-7,
      0.00000647931,
      -0.00000112197,
      0.00000154865,
      0,
      9.53965e-7,
      0.00000245579,
      1.44806e-7,
      -0.000010999,
      -0.00000603118
    ],
    [
      0.00000930042,
      -0.0000249322,
      -0.000028505,
      -0.00000619126,
      -0.0000119287,
      0,
      0,
      0,
      0,
      0,
      0,
      -0.0000011242,
      -0.00000492474,
      7.58646e-7,
      0.0000159431,
      5.68856e-7,
      0.0000111914,
      0,
      0.00000692269,
      1.44806e-7,
      0.00000587273,
      0.0000261236,
      0.0000181842
    ],
    [
      0.0000344682,
      -0.0000904327,
      -0.000108762,
      -0.0000148675,
      -0.0000556242,
      0,
      0,
      0,
      0,
      0,
      0,
      2.26458e-7,
      -0.0000188026,
      -0.00000277959,
      0.0000485871,
      0.00000773521,
      0.0000258913,
      0,
      0.0000296773,
      -0.000010999,
      0.0000261236,
      0.000233125,
      0.00014583
    ],
    [
      0.0000293627,
      -0.0000869988,
      -0.0000882541,
      -0.00000613099,
      -0.0000400017,
      0,
      0,
      0,
      0,
      0,
      0,
      -0.00000225563,
      -0.0000171343,
      -0.00000184722,
      0.0000534317,
      0.00000614324,
      0.0000253084,
      0,
      0.0000221938,
      -0.00000603118,
      0.0000181842,
      0.00014583,
      0.000132725
    ]
  ]
}