{
  "name": "SIQRI_HBRS_B HFMD Japan",
  "description": "...",
  "type": "theta",
  "parameter": {
    "SS": {
      "transformation": "logit",
      "partition_id": "identical_population",
      "group": {
        "all": {
          "min": {
            "value": 0
          },
          "guess": {
            "value": 0.0783914
          },
          "max": {
            "value": 0.95
          },
          "sd_transf": {
            "value": 0.2
          },
          "prior": {
            "value": "uniform"
          }
        }
      }
    },
    "IS": {
      "transformation": "logit",
      "partition_id": "identical_population",
      "group": {
        "all": {
          "min": {
            "value": 0
          },
          "guess": {
            "value": 7.31188e-7
          },
          "max": {
            "value": 0.01
          },
          "sd_transf": {
            "value": 0.2
          },
          "prior": {
            "value": "uniform"
          }
        }
      }
    },
    "SI": {
      "transformation": "logit",
      "partition_id": "identical_population",
      "group": {
        "all": {
          "min": {
            "value": 0
          },
          "guess": {
            "value": 0.00000161463
          },
          "max": {
            "value": 0.01
          },
          "sd_transf": {
            "value": 0.2
          },
          "prior": {
            "value": "uniform"
          }
        }
      }
    },
    "RS": {
      "transformation": "logit",
      "partition_id": "identical_population",
      "group": {
        "all": {
          "min": {
            "value": 0
          },
          "guess": {
            "value": 0.00255515
          },
          "max": {
            "value": 0.95
          },
          "sd_transf": {
            "value": 0.2
          },
          "prior": {
            "value": "uniform"
          }
        }
      }
    },
    "SR": {
      "transformation": "logit",
      "partition_id": "identical_population",
      "group": {
        "all": {
          "min": {
            "value": 0
          },
          "guess": {
            "value": 0.244027
          },
          "max": {
            "value": 0.95
          },
          "sd_transf": {
            "value": 0.2
          },
          "prior": {
            "value": "uniform"
          }
        }
      }
    },
    "IR": {
      "transformation": "logit",
      "partition_id": "identical_population",
      "group": {
        "all": {
          "min": {
            "value": 0
          },
          "guess": {
            "value": 9.5e-18
          },
          "max": {
            "value": 0.95
          },
          "sd_transf": {
            "value": 0
          },
          "prior": {
            "value": "uniform"
          }
        }
      }
    },
    "RI": {
      "transformation": "logit",
      "partition_id": "identical_population",
      "group": {
        "all": {
          "min": {
            "value": 0
          },
          "guess": {
            "value": 9.5e-18
          },
          "max": {
            "value": 0.95
          },
          "sd_transf": {
            "value": 0
          },
          "prior": {
            "value": "uniform"
          }
        }
      }
    },
    "SQ": {
      "transformation": "logit",
      "partition_id": "identical_population",
      "group": {
        "all": {
          "min": {
            "value": 0
          },
          "guess": {
            "value": 9.5e-18
          },
          "max": {
            "value": 0.95
          },
          "sd_transf": {
            "value": 0
          },
          "prior": {
            "value": "uniform"
          }
        }
      }
    },
    "QS": {
      "transformation": "logit",
      "partition_id": "identical_population",
      "group": {
        "all": {
          "min": {
            "value": 0
          },
          "guess": {
            "value": 9.5e-18
          },
          "max": {
            "value": 0.95
          },
          "sd_transf": {
            "value": 0
          },
          "prior": {
            "value": "uniform"
          }
        }
      }
    },
    "QR": {
      "transformation": "logit",
      "partition_id": "identical_population",
      "group": {
        "all": {
          "min": {
            "value": 0
          },
          "guess": {
            "value": 9.5e-18
          },
          "max": {
            "value": 0.95
          },
          "sd_transf": {
            "value": 0
          },
          "prior": {
            "value": "uniform"
          }
        }
      }
    },
    "RQ": {
      "transformation": "logit",
      "partition_id": "identical_population",
      "group": {
        "all": {
          "min": {
            "value": 0
          },
          "guess": {
            "value": 9.5e-18
          },
          "max": {
            "value": 0.95
          },
          "sd_transf": {
            "value": 0
          },
          "prior": {
            "value": "uniform"
          }
        }
      }
    },
    "r0_1": {
      "transformation": "log",
      "partition_id": "identical_population",
      "group": {
        "all": {
          "min": {
            "value": 2.05
          },
          "guess": {
            "value": 2.32636
          },
          "max": {
            "value": 2.78
          },
          "sd_transf": {
            "value": 0.04
          },
          "prior": {
            "value": "normal"
          }
        }
      }
    },
    "r0_2": {
      "transformation": "log",
      "partition_id": "identical_population",
      "group": {
        "all": {
          "min": {
            "value": 2.05
          },
          "guess": {
            "value": 2.60597
          },
          "max": {
            "value": 2.78
          },
          "sd_transf": {
            "value": 0.04
          },
          "prior": {
            "value": "normal"
          }
        }
      }
    },
    "v": {
      "unit": "D",
      "type": "rate_as_duration",
      "transformation": "log",
      "partition_id": "identical_population",
      "group": {
        "all": {
          "min": {
            "value": 2.15
          },
          "guess": {
            "value": 0.240329
          },
          "max": {
            "value": 2.81
          },
          "sd_transf": {
            "value": 0.04
          },
          "prior": {
            "value": "normal"
          }
        }
      }
    },
    "e": {
      "transformation": "logit",
      "partition_id": "identical_population",
      "group": {
        "all": {
          "min": {
            "value": 0.001
          },
          "guess": {
            "value": 0.00443654
          },
          "max": {
            "value": 0.3
          },
          "sd_transf": {
            "value": 0.2
          },
          "prior": {
            "value": "uniform"
          }
        }
      }
    },
    "d": {
      "transformation": "log",
      "partition_id": "identical_population",
      "group": {
        "all": {
          "min": {
            "value": 0.6
          },
          "guess": {
            "value": 0.730162
          },
          "max": {
            "value": 0.99
          },
          "sd_transf": {
            "value": 0.04
          },
          "prior": {
            "value": "uniform"
          }
        }
      }
    },
    "sigma": {
      "transformation": "logit",
      "partition_id": "identical_population",
      "group": {
        "all": {
          "min": {
            "value": 0.1
          },
          "guess": {
            "value": 0.644713
          },
          "max": {
            "value": 0.98
          },
          "sd_transf": {
            "value": 0.2
          },
          "prior": {
            "value": "uniform"
          }
        }
      }
    },
    "sto": {
      "transformation": "log",
      "partition_id": "identical_population",
      "group": {
        "all": {
          "min": {
            "value": 0
          },
          "guess": {
            "value": 0.3411
          },
          "max": {
            "value": 0.8
          },
          "sd_transf": {
            "value": 0.02
          },
          "prior": {
            "value": "uniform"
          }
        }
      }
    },
    "iota_1": {
      "transformation": "scale_pow10_bounded",
      "partition_id": "identical_population",
      "group": {
        "all": {
          "min": {
            "value": -3.5
          },
          "guess": {
            "value": -3.49989
          },
          "max": {
            "value": 4
          },
          "sd_transf": {
            "value": 0.04
          },
          "prior": {
            "value": "uniform"
          }
        }
      }
    },
    "iota_2": {
      "transformation": "scale_pow10_bounded",
      "partition_id": "identical_population",
      "group": {
        "all": {
          "min": {
            "value": -3.5
          },
          "guess": {
            "value": -2.83492
          },
          "max": {
            "value": 4
          },
          "sd_transf": {
            "value": 0.04
          },
          "prior": {
            "value": "uniform"
          }
        }
      }
    },
    "q": {
      "unit": "M",
      "type": "rate_as_duration",
      "transformation": "log",
      "partition_id": "identical_population",
      "group": {
        "all": {
          "min": {
            "value": 0.05
          },
          "guess": {
            "value": 0.566914
          },
          "max": {
            "value": 12
          },
          "sd_transf": {
            "value": 0.04
          },
          "prior": {
            "value": "uniform"
          }
        }
      }
    },
    "z": {
      "transformation": "logit",
      "partition_id": "identical_population",
      "group": {
        "all": {
          "min": {
            "value": 0
          },
          "guess": {
            "value": 0.449383
          },
          "max": {
            "value": 0.95
          },
          "sd_transf": {
            "value": 0.2
          },
          "prior": {
            "value": "uniform"
          }
        }
      }
    },
    "rep": {
      "transformation": "logit",
      "partition_id": "variable_time_series",
      "group": {
        "EV71_JAP__IASR__inc": {
          "min": {
            "value": 0.05
          },
          "guess": {
            "value": 0.0976376
          },
          "max": {
            "value": 0.3
          },
          "sd_transf": {
            "value": 0.2
          },
          "prior": {
            "value": "normal"
          }
        },
        "CA16_JAP__IASR__inc": {
          "min": {
            "value": 0.05
          },
          "guess": {
            "value": 0.0365424
          },
          "max": {
            "value": 0.3
          },
          "sd_transf": {
            "value": 0.2
          },
          "prior": {
            "value": "normal"
          }
        }
      }
    }
  },
  "partition": {
    "variable_population": {
      "group": [
        {
          "id": "Japan__all",
          "population_id": [
            "Japan__all"
          ]
        }
      ]
    },
    "variable_time_series": {
      "group": [
        {
          "id": "EV71_JAP__IASR__inc",
          "time_series_id": [
            "EV71_JAP__IASR__inc"
          ]
        },
        {
          "id": "CA16_JAP__IASR__inc",
          "time_series_id": [
            "CA16_JAP__IASR__inc"
          ]
        }
      ]
    },
    "identical_population": {
      "group": [
        {
          "id": "all",
          "population_id": [
            "Japan__all"
          ]
        }
      ]
    },
    "identical_time_series": {
      "group": [
        {
          "id": "all",
          "time_series_id": [
            "EV71_JAP__IASR__inc",
            "CA16_JAP__IASR__inc"
          ]
        }
      ]
    }
  },
  "covariance": [
    [
      "SS:all",
      "IS:all",
      "SI:all",
      "RS:all",
      "SR:all",
      "IR:all",
      "RI:all",
      "SQ:all",
      "QS:all",
      "QR:all",
      "RQ:all",
      "r0_1:all",
      "r0_2:all",
      "v:all",
      "e:all",
      "d:all",
      "sigma:all",
      "sto:all",
      "iota_1:all",
      "iota_2:all",
      "q:all",
      "z:all",
      "rep:EV71_JAP__IASR__inc",
      "rep:CA16_JAP__IASR__inc"
    ],
    [
      0.0000260734,
      -0.0000134808,
      0.00000697167,
      -0.00000882125,
      0.00000587832,
      0,
      0,
      0,
      0,
      0,
      0,
      0.00000319058,
      0.00000341931,
      9.18873e-7,
      -0.00000287405,
      -0.00000318636,
      -0.0000169886,
      0,
      -0.00000127528,
      -5.87286e-7,
      7.13837e-7,
      -0.0000104829,
      0.0000121868,
      -0.00000104514
    ],
    [
      -0.0000134808,
      0.0000558861,
      -0.0000233359,
      -0.00000830551,
      -0.00000189722,
      0,
      0,
      0,
      0,
      0,
      0,
      -0.00000690238,
      -0.00000817671,
      -0.000015152,
      0.00000108919,
      0.000008327,
      0.0000162146,
      0,
      0.0000132328,
      0.0000014676,
      -0.00000563936,
      0.000017318,
      -0.0000121068,
      -0.0000162297
    ],
    [
      0.00000697167,
      -0.0000233359,
      0.0000411282,
      -0.0000121356,
      0.00000596311,
      0,
      0,
      0,
      0,
      0,
      0,
      0.00000422619,
      0.00000468568,
      0.0000044076,
      0.00000945328,
      -0.00000651172,
      -0.0000137907,
      0,
      -0.00000752235,
      0.00000387812,
      -0.00000107647,
      -0.00000870821,
      0.0000197898,
      0.00000616913
    ],
    [
      -0.00000882125,
      -0.00000830551,
      -0.0000121356,
      0.0000639987,
      -0.0000151786,
      0,
      0,
      0,
      0,
      0,
      0,
      -0.00000151792,
      -0.0000026812,
      0.00000626925,
      0.00000637484,
      0.00000281493,
      0.000011877,
      0,
      -0.00000105492,
      -0.00000679781,
      0.00000527054,
      0.00000698989,
      -0.0000255429,
      0.00000910251
    ],
    [
      0.00000587832,
      -0.00000189722,
      0.00000596311,
      -0.0000151786,
      0.0000103169,
      0,
      0,
      0,
      0,
      0,
      0,
      4.62502e-7,
      0.00000144759,
      -0.0000013203,
      -0.0000023969,
      -0.00000141401,
      -0.00000569469,
      0,
      -3.97128e-7,
      0.00000141656,
      -0.00000171679,
      -0.00000478897,
      0.0000113816,
      0.00000123777
    ],
    [
      0,
      0,
      0,
      0,
      0,
      0,
      0,
      0,
      0,
      0,
      0,
      0,
      0,
      0,
      0,
      0,
      0,
      0,
      0,
      0,
      0,
      0,
      0,
      0
    ],
    [
      0,
      0,
      0,
      0,
      0,
      0,
      0,
      0,
      0,
      0,
      0,
      0,
      0,
      0,
      0,
      0,
      0,
      0,
      0,
      0,
      0,
      0,
      0,
      0
    ],
    [
      0,
      0,
      0,
      0,
      0,
      0,
      0,
      0,
      0,
      0,
      0,
      0,
      0,
      0,
      0,
      0,
      0,
      0,
      0,
      0,
      0,
      0,
      0,
      0
    ],
    [
      0,
      0,
      0,
      0,
      0,
      0,
      0,
      0,
      0,
      0,
      0,
      0,
      0,
      0,
      0,
      0,
      0,
      0,
      0,
      0,
      0,
      0,
      0,
      0
    ],
    [
      0,
      0,
      0,
      0,
      0,
      0,
      0,
      0,
      0,
      0,
      0,
      0,
      0,
      0,
      0,
      0,
      0,
      0,
      0,
      0,
      0,
      0,
      0,
      0
    ],
    [
      0,
      0,
      0,
      0,
      0,
      0,
      0,
      0,
      0,
      0,
      0,
      0,
      0,
      0,
      0,
      0,
      0,
      0,
      0,
      0,
      0,
      0,
      0,
      0
    ],
    [
      0.00000319058,
      -0.00000690238,
      0.00000422619,
      -0.00000151792,
      4.62502e-7,
      0,
      0,
      0,
      0,
      0,
      0,
      0.00000135933,
      0.00000149555,
      0.00000197333,
      -9.41188e-8,
      -0.00000133012,
      -0.00000386861,
      0,
      -0.00000183263,
      2.22799e-7,
      6.14733e-7,
      -0.00000307272,
      0.00000226178,
      9.49399e-7
    ],
    [
      0.00000341931,
      -0.00000817671,
      0.00000468568,
      -0.0000026812,
      0.00000144759,
      0,
      0,
      0,
      0,
      0,
      0,
      0.00000149555,
      0.00000184564,
      0.00000233568,
      -8.72426e-7,
      -0.00000158574,
      -0.00000409934,
      0,
      -0.00000219567,
      3.46054e-7,
      6.62443e-7,
      -0.00000403028,
      0.00000317358,
      0.00000151381
    ],
    [
      9.18873e-7,
      -0.000015152,
      0.0000044076,
      0.00000626925,
      -0.0000013203,
      0,
      0,
      0,
      0,
      0,
      0,
      0.00000197333,
      0.00000233568,
      0.00000593531,
      -8.47371e-8,
      -0.00000213889,
      -0.00000278357,
      0,
      -0.00000433274,
      -4.09327e-7,
      0.00000246901,
      -0.00000447239,
      -7.42734e-7,
      0.00000449328
    ],
    [
      -0.00000287405,
      0.00000108919,
      0.00000945328,
      0.00000637484,
      -0.0000023969,
      0,
      0,
      0,
      0,
      0,
      0,
      -9.41188e-8,
      -8.72426e-7,
      -8.47371e-8,
      0.0000182278,
      -6.04369e-7,
      -1.71283e-7,
      0,
      -0.00000157955,
      0.00000144731,
      -6.86989e-7,
      0.00000349276,
      3.02453e-7,
      -5.49287e-7
    ],
    [
      -0.00000318636,
      0.000008327,
      -0.00000651172,
      0.00000281493,
      -0.00000141401,
      0,
      0,
      0,
      0,
      0,
      0,
      -0.00000133012,
      -0.00000158574,
      -0.00000213889,
      -6.04369e-7,
      0.00000206195,
      0.00000393876,
      0,
      0.00000239114,
      -4.2168e-7,
      -6.5187e-7,
      0.00000340319,
      -0.00000367574,
      -0.00000191953
    ],
    [
      -0.0000169886,
      0.0000162146,
      -0.0000137907,
      0.000011877,
      -0.00000569469,
      0,
      0,
      0,
      0,
      0,
      0,
      -0.00000386861,
      -0.00000409934,
      -0.00000278357,
      -1.71283e-7,
      0.00000393876,
      0.0000166355,
      0,
      0.00000360496,
      -8.75057e-7,
      -3.57678e-7,
      0.00000963967,
      -0.0000124923,
      -6.11086e-7
    ],
    [
      0,
      0,
      0,
      0,
      0,
      0,
      0,
      0,
      0,
      0,
      0,
      0,
      0,
      0,
      0,
      0,
      0,
      0,
      0,
      0,
      0,
      0,
      0,
      0
    ],
    [
      -0.00000127528,
      0.0000132328,
      -0.00000752235,
      -0.00000105492,
      -3.97128e-7,
      0,
      0,
      0,
      0,
      0,
      0,
      -0.00000183263,
      -0.00000219567,
      -0.00000433274,
      -0.00000157955,
      0.00000239114,
      0.00000360496,
      0,
      0.00000429458,
      -4.2171e-7,
      -0.00000132784,
      0.00000418916,
      -0.00000265236,
      -0.00000363078
    ],
    [
      -5.87286e-7,
      0.0000014676,
      0.00000387812,
      -0.00000679781,
      0.00000141656,
      0,
      0,
      0,
      0,
      0,
      0,
      2.22799e-7,
      3.46054e-7,
      -4.09327e-7,
      0.00000144731,
      -4.2168e-7,
      -8.75057e-7,
      0,
      -4.2171e-7,
      0.00000166965,
      -8.8024e-7,
      -4.98858e-7,
      0.00000210649,
      -0.00000108597
    ],
    [
      7.13837e-7,
      -0.00000563936,
      -0.00000107647,
      0.00000527054,
      -0.00000171679,
      0,
      0,
      0,
      0,
      0,
      0,
      6.14733e-7,
      6.62443e-7,
      0.00000246901,
      -6.86989e-7,
      -6.5187e-7,
      -3.57678e-7,
      0,
      -0.00000132784,
      -8.8024e-7,
      0.00000180678,
      -0.00000135053,
      -0.00000267689,
      0.00000156603
    ],
    [
      -0.0000104829,
      0.000017318,
      -0.00000870821,
      0.00000698989,
      -0.00000478897,
      0,
      0,
      0,
      0,
      0,
      0,
      -0.00000307272,
      -0.00000403028,
      -0.00000447239,
      0.00000349276,
      0.00000340319,
      0.00000963967,
      0,
      0.00000418916,
      -4.98858e-7,
      -0.00000135053,
      0.00000982126,
      -0.00000832603,
      -0.00000320414
    ],
    [
      0.0000121868,
      -0.0000121068,
      0.0000197898,
      -0.0000255429,
      0.0000113816,
      0,
      0,
      0,
      0,
      0,
      0,
      0.00000226178,
      0.00000317358,
      -7.42734e-7,
      3.02453e-7,
      -0.00000367574,
      -0.0000124923,
      0,
      -0.00000265236,
      0.00000210649,
      -0.00000267689,
      -0.00000832603,
      0.0000338453,
      0.0000030723
    ],
    [
      -0.00000104514,
      -0.0000162297,
      0.00000616913,
      0.00000910251,
      0.00000123777,
      0,
      0,
      0,
      0,
      0,
      0,
      9.49399e-7,
      0.00000151381,
      0.00000449328,
      -5.49287e-7,
      -0.00000191953,
      -6.11086e-7,
      0,
      -0.00000363078,
      -0.00000108597,
      0.00000156603,
      -0.00000320414,
      0.0000030723,
      0.0000135545
    ]
  ]
}