{
  "name": "SIQRI_HBRS HFMD Japan",
  "description": "...",
  "type": "theta",
  "parameter": {
    "SS": {
      "transformation": "logit",
      "partition_id": "identical_population",
      "group": {
        "all": {
          "min": {
            "value": 0
          },
          "guess": {
            "value": 0.0487597
          },
          "max": {
            "value": 0.95
          },
          "sd_transf": {
            "value": 0.2
          },
          "prior": {
            "value": "uniform"
          }
        }
      }
    },
    "IS": {
      "transformation": "logit",
      "partition_id": "identical_population",
      "group": {
        "all": {
          "min": {
            "value": 0
          },
          "guess": {
            "value": 6.11666e-7
          },
          "max": {
            "value": 0.01
          },
          "sd_transf": {
            "value": 0.2
          },
          "prior": {
            "value": "uniform"
          }
        }
      }
    },
    "SI": {
      "transformation": "logit",
      "partition_id": "identical_population",
      "group": {
        "all": {
          "min": {
            "value": 0
          },
          "guess": {
            "value": 0.00000174569
          },
          "max": {
            "value": 0.01
          },
          "sd_transf": {
            "value": 0.2
          },
          "prior": {
            "value": "uniform"
          }
        }
      }
    },
    "RS": {
      "transformation": "logit",
      "partition_id": "identical_population",
      "group": {
        "all": {
          "min": {
            "value": 0
          },
          "guess": {
            "value": 9.36402e-17
          },
          "max": {
            "value": 0.95
          },
          "sd_transf": {
            "value": 0.2
          },
          "prior": {
            "value": "uniform"
          }
        }
      }
    },
    "SR": {
      "transformation": "logit",
      "partition_id": "identical_population",
      "group": {
        "all": {
          "min": {
            "value": 0
          },
          "guess": {
            "value": 0.271363
          },
          "max": {
            "value": 0.95
          },
          "sd_transf": {
            "value": 0.2
          },
          "prior": {
            "value": "uniform"
          }
        }
      }
    },
    "IR": {
      "transformation": "logit",
      "partition_id": "identical_population",
      "group": {
        "all": {
          "min": {
            "value": 0
          },
          "guess": {
            "value": 9.5e-18
          },
          "max": {
            "value": 0.95
          },
          "sd_transf": {
            "value": 0
          },
          "prior": {
            "value": "uniform"
          }
        }
      }
    },
    "RI": {
      "transformation": "logit",
      "partition_id": "identical_population",
      "group": {
        "all": {
          "min": {
            "value": 0
          },
          "guess": {
            "value": 9.5e-18
          },
          "max": {
            "value": 0.95
          },
          "sd_transf": {
            "value": 0
          },
          "prior": {
            "value": "uniform"
          }
        }
      }
    },
    "SQ": {
      "transformation": "logit",
      "partition_id": "identical_population",
      "group": {
        "all": {
          "min": {
            "value": 0
          },
          "guess": {
            "value": 9.5e-18
          },
          "max": {
            "value": 0.95
          },
          "sd_transf": {
            "value": 0
          },
          "prior": {
            "value": "uniform"
          }
        }
      }
    },
    "QS": {
      "transformation": "logit",
      "partition_id": "identical_population",
      "group": {
        "all": {
          "min": {
            "value": 0
          },
          "guess": {
            "value": 9.5e-18
          },
          "max": {
            "value": 0.95
          },
          "sd_transf": {
            "value": 0
          },
          "prior": {
            "value": "uniform"
          }
        }
      }
    },
    "QR": {
      "transformation": "logit",
      "partition_id": "identical_population",
      "group": {
        "all": {
          "min": {
            "value": 0
          },
          "guess": {
            "value": 9.5e-18
          },
          "max": {
            "value": 0.95
          },
          "sd_transf": {
            "value": 0
          },
          "prior": {
            "value": "uniform"
          }
        }
      }
    },
    "RQ": {
      "transformation": "logit",
      "partition_id": "identical_population",
      "group": {
        "all": {
          "min": {
            "value": 0
          },
          "guess": {
            "value": 9.5e-18
          },
          "max": {
            "value": 0.95
          },
          "sd_transf": {
            "value": 0
          },
          "prior": {
            "value": "uniform"
          }
        }
      }
    },
    "r0_1": {
      "transformation": "log",
      "partition_id": "identical_population",
      "group": {
        "all": {
          "min": {
            "value": 2.05
          },
          "guess": {
            "value": 2.5208
          },
          "max": {
            "value": 2.78
          },
          "sd_transf": {
            "value": 0.04
          },
          "prior": {
            "value": "normal"
          }
        }
      }
    },
    "r0_2": {
      "transformation": "log",
      "partition_id": "identical_population",
      "group": {
        "all": {
          "min": {
            "value": 2.05
          },
          "guess": {
            "value": 2.80059
          },
          "max": {
            "value": 2.78
          },
          "sd_transf": {
            "value": 0.04
          },
          "prior": {
            "value": "normal"
          }
        }
      }
    },
    "v": {
      "unit": "D",
      "type": "rate_as_duration",
      "transformation": "log",
      "partition_id": "identical_population",
      "group": {
        "all": {
          "min": {
            "value": 2.15
          },
          "guess": {
            "value": 0.201719
          },
          "max": {
            "value": 2.81
          },
          "sd_transf": {
            "value": 0.04
          },
          "prior": {
            "value": "normal"
          }
        }
      }
    },
    "e": {
      "transformation": "logit",
      "partition_id": "identical_population",
      "group": {
        "all": {
          "min": {
            "value": 0.001
          },
          "guess": {
            "value": 0.00406646
          },
          "max": {
            "value": 0.3
          },
          "sd_transf": {
            "value": 0.2
          },
          "prior": {
            "value": "uniform"
          }
        }
      }
    },
    "d": {
      "transformation": "log",
      "partition_id": "identical_population",
      "group": {
        "all": {
          "min": {
            "value": 0.6
          },
          "guess": {
            "value": 0.686261
          },
          "max": {
            "value": 0.99
          },
          "sd_transf": {
            "value": 0.04
          },
          "prior": {
            "value": "uniform"
          }
        }
      }
    },
    "sigma": {
      "transformation": "logit",
      "partition_id": "identical_population",
      "group": {
        "all": {
          "min": {
            "value": 0.1
          },
          "guess": {
            "value": 0.603164
          },
          "max": {
            "value": 0.98
          },
          "sd_transf": {
            "value": 0.2
          },
          "prior": {
            "value": "uniform"
          }
        }
      }
    },
    "sto": {
      "transformation": "log",
      "partition_id": "identical_population",
      "group": {
        "all": {
          "min": {
            "value": 0
          },
          "guess": {
            "value": 0.407575
          },
          "max": {
            "value": 0.8
          },
          "sd_transf": {
            "value": 0.02
          },
          "prior": {
            "value": "uniform"
          }
        }
      }
    },
    "iota_1": {
      "transformation": "scale_pow10_bounded",
      "partition_id": "identical_population",
      "group": {
        "all": {
          "min": {
            "value": -3.5
          },
          "guess": {
            "value": -3.46467
          },
          "max": {
            "value": 4
          },
          "sd_transf": {
            "value": 0.04
          },
          "prior": {
            "value": "uniform"
          }
        }
      }
    },
    "iota_2": {
      "transformation": "scale_pow10_bounded",
      "partition_id": "identical_population",
      "group": {
        "all": {
          "min": {
            "value": -3.5
          },
          "guess": {
            "value": -3.32643
          },
          "max": {
            "value": 4
          },
          "sd_transf": {
            "value": 0.04
          },
          "prior": {
            "value": "uniform"
          }
        }
      }
    },
    "q": {
      "unit": "M",
      "type": "rate_as_duration",
      "transformation": "log",
      "partition_id": "identical_population",
      "group": {
        "all": {
          "min": {
            "value": 0.05
          },
          "guess": {
            "value": 0.666493
          },
          "max": {
            "value": 12
          },
          "sd_transf": {
            "value": 0.04
          },
          "prior": {
            "value": "uniform"
          }
        }
      }
    },
    "z": {
      "transformation": "logit",
      "partition_id": "identical_population",
      "group": {
        "all": {
          "min": {
            "value": 0
          },
          "guess": {
            "value": 0.454367
          },
          "max": {
            "value": 0.95
          },
          "sd_transf": {
            "value": 0.2
          },
          "prior": {
            "value": "uniform"
          }
        }
      }
    },
    "rep": {
      "transformation": "logit",
      "partition_id": "variable_time_series",
      "group": {
        "EV71_JAP__IASR__inc": {
          "min": {
            "value": 0.05
          },
          "guess": {
            "value": 0.0944379
          },
          "max": {
            "value": 0.3
          },
          "sd_transf": {
            "value": 0.2
          },
          "prior": {
            "value": "normal"
          }
        },
        "CA16_JAP__IASR__inc": {
          "min": {
            "value": 0.05
          },
          "guess": {
            "value": 0.0230227
          },
          "max": {
            "value": 0.3
          },
          "sd_transf": {
            "value": 0.2
          },
          "prior": {
            "value": "normal"
          }
        }
      }
    }
  },
  "partition": {
    "variable_population": {
      "group": [
        {
          "id": "Japan__all",
          "population_id": [
            "Japan__all"
          ]
        }
      ]
    },
    "variable_time_series": {
      "group": [
        {
          "id": "EV71_JAP__IASR__inc",
          "time_series_id": [
            "EV71_JAP__IASR__inc"
          ]
        },
        {
          "id": "CA16_JAP__IASR__inc",
          "time_series_id": [
            "CA16_JAP__IASR__inc"
          ]
        }
      ]
    },
    "identical_population": {
      "group": [
        {
          "id": "all",
          "population_id": [
            "Japan__all"
          ]
        }
      ]
    },
    "identical_time_series": {
      "group": [
        {
          "id": "all",
          "time_series_id": [
            "EV71_JAP__IASR__inc",
            "CA16_JAP__IASR__inc"
          ]
        }
      ]
    }
  },
  "covariance": [
    [
      "SS:all",
      "IS:all",
      "SI:all",
      "RS:all",
      "SR:all",
      "IR:all",
      "RI:all",
      "SQ:all",
      "QS:all",
      "QR:all",
      "RQ:all",
      "r0_1:all",
      "r0_2:all",
      "v:all",
      "e:all",
      "d:all",
      "sigma:all",
      "sto:all",
      "iota_1:all",
      "iota_2:all",
      "q:all",
      "z:all",
      "rep:EV71_JAP__IASR__inc",
      "rep:CA16_JAP__IASR__inc"
    ],
    [
      0.0000121104,
      -3.94585e-7,
      0.0000055138,
      -0.00000518825,
      0.00000855837,
      0,
      0,
      0,
      0,
      0,
      0,
      8.14383e-7,
      0.00000137856,
      0.00000132571,
      -0.00000160626,
      3.93461e-7,
      -0.00000642822,
      0,
      0.00000105687,
      0.00000222861,
      -0.00000117405,
      -0.0000046611,
      0.00000150226,
      0.00000437605
    ],
    [
      -3.94585e-7,
      0.0000226966,
      -9.12734e-7,
      -0.00000405865,
      -0.00000814911,
      0,
      0,
      0,
      0,
      0,
      0,
      -0.00000151012,
      -0.00000226932,
      6.80118e-7,
      0.0000176993,
      0.00000104492,
      0.00000536971,
      0,
      -0.00000238456,
      -0.00000230642,
      -0.00000152367,
      0.00000477027,
      -0.00000596384,
      0.00000885899
    ],
    [
      0.0000055138,
      -9.12734e-7,
      0.0000164418,
      -0.0000129712,
      0.0000324503,
      0,
      0,
      0,
      0,
      0,
      0,
      -3.43211e-7,
      0.00000287744,
      0.00000115607,
      0.00000133717,
      0.00000197045,
      -0.00000809444,
      0,
      5.27524e-7,
      0.00000552311,
      -0.00000101305,
      -0.0000111743,
      0.0000037528,
      0.00000143686
    ],
    [
      -0.00000518825,
      -0.00000405865,
      -0.0000129712,
      0.0000264979,
      -0.0000312333,
      0,
      0,
      0,
      0,
      0,
      0,
      9.37731e-8,
      -0.00000292281,
      -0.00000179375,
      -0.0000117055,
      -0.00000289806,
      0.00000844444,
      0,
      9.07194e-7,
      -0.00000468547,
      0.00000394299,
      0.000010646,
      -0.00000142516,
      -0.00000608124
    ],
    [
      0.00000855837,
      -0.00000814911,
      0.0000324503,
      -0.0000312333,
      0.000226026,
      0,
      0,
      0,
      0,
      0,
      0,
      -0.00000923883,
      0.0000161358,
      0.0000019083,
      -0.0000372353,
      0.00000972283,
      -0.0000291628,
      0,
      0.00000630526,
      0.0000235179,
      0.00000379511,
      -0.0000741132,
      0.0000134304,
      -0.0000334559
    ],
    [
      0,
      0,
      0,
      0,
      0,
      0,
      0,
      0,
      0,
      0,
      0,
      0,
      0,
      0,
      0,
      0,
      0,
      0,
      0,
      0,
      0,
      0,
      0,
      0
    ],
    [
      0,
      0,
      0,
      0,
      0,
      0,
      0,
      0,
      0,
      0,
      0,
      0,
      0,
      0,
      0,
      0,
      0,
      0,
      0,
      0,
      0,
      0,
      0,
      0
    ],
    [
      0,
      0,
      0,
      0,
      0,
      0,
      0,
      0,
      0,
      0,
      0,
      0,
      0,
      0,
      0,
      0,
      0,
      0,
      0,
      0,
      0,
      0,
      0,
      0
    ],
    [
      0,
      0,
      0,
      0,
      0,
      0,
      0,
      0,
      0,
      0,
      0,
      0,
      0,
      0,
      0,
      0,
      0,
      0,
      0,
      0,
      0,
      0,
      0,
      0
    ],
    [
      0,
      0,
      0,
      0,
      0,
      0,
      0,
      0,
      0,
      0,
      0,
      0,
      0,
      0,
      0,
      0,
      0,
      0,
      0,
      0,
      0,
      0,
      0,
      0
    ],
    [
      0,
      0,
      0,
      0,
      0,
      0,
      0,
      0,
      0,
      0,
      0,
      0,
      0,
      0,
      0,
      0,
      0,
      0,
      0,
      0,
      0,
      0,
      0,
      0
    ],
    [
      8.14383e-7,
      -0.00000151012,
      -3.43211e-7,
      9.37731e-8,
      -0.00000923883,
      0,
      0,
      0,
      0,
      0,
      0,
      8.83423e-7,
      -2.74318e-7,
      1.48326e-7,
      8.06031e-7,
      -4.48417e-7,
      -3.98948e-7,
      0,
      -1.41011e-7,
      -6.14531e-7,
      -7.09898e-7,
      0.00000257824,
      -2.67379e-7,
      0.00000217365
    ],
    [
      0.00000137856,
      -0.00000226932,
      0.00000287744,
      -0.00000292281,
      0.0000161358,
      0,
      0,
      0,
      0,
      0,
      0,
      -2.74318e-7,
      0.00000150732,
      3.18026e-7,
      -0.00000355957,
      6.25858e-7,
      -0.00000308427,
      0,
      5.71838e-7,
      0.00000189502,
      -5.8722e-8,
      -0.0000058124,
      0.00000119174,
      -0.00000213445
    ],
    [
      0.00000132571,
      6.80118e-7,
      0.00000115607,
      -0.00000179375,
      0.0000019083,
      0,
      0,
      0,
      0,
      0,
      0,
      1.48326e-7,
      3.18026e-7,
      6.40525e-7,
      0.00000110755,
      8.98482e-8,
      -0.00000104051,
      0,
      -1.64069e-7,
      2.75026e-7,
      -7.40536e-7,
      -9.42211e-7,
      -4.04888e-7,
      0.00000128673
    ],
    [
      -0.00000160626,
      0.0000176993,
      0.00000133717,
      -0.0000117055,
      -0.0000372353,
      0,
      0,
      0,
      0,
      0,
      0,
      8.06031e-7,
      -0.00000355957,
      0.00000110755,
      0.0000407461,
      8.09872e-7,
      0.00000600303,
      0,
      -0.00000390796,
      -0.00000405968,
      -0.00000533612,
      0.000014032,
      -0.00000684297,
      0.0000173236
    ],
    [
      3.93461e-7,
      0.00000104492,
      0.00000197045,
      -0.00000289806,
      0.00000972283,
      0,
      0,
      0,
      0,
      0,
      0,
      -4.48417e-7,
      6.25858e-7,
      8.98482e-8,
      8.09872e-7,
      8.85745e-7,
      -0.00000119194,
      0,
      6.8758e-8,
      0.00000106119,
      -7.20864e-8,
      -0.00000305331,
      7.19072e-7,
      -4.17533e-7
    ],
    [
      -0.00000642822,
      0.00000536971,
      -0.00000809444,
      0.00000844444,
      -0.0000291628,
      0,
      0,
      0,
      0,
      0,
      0,
      -3.98948e-7,
      -0.00000308427,
      -0.00000104051,
      0.00000600303,
      -0.00000119194,
      0.0000097649,
      0,
      -0.00000117586,
      -0.0000043501,
      0.00000151549,
      0.0000106094,
      -0.00000266687,
      1.08958e-7
    ],
    [
      0,
      0,
      0,
      0,
      0,
      0,
      0,
      0,
      0,
      0,
      0,
      0,
      0,
      0,
      0,
      0,
      0,
      0,
      0,
      0,
      0,
      0,
      0,
      0
    ],
    [
      0.00000105687,
      -0.00000238456,
      5.27524e-7,
      9.07194e-7,
      0.00000630526,
      0,
      0,
      0,
      0,
      0,
      0,
      -1.41011e-7,
      5.71838e-7,
      -1.64069e-7,
      -0.00000390796,
      6.8758e-8,
      -0.00000117586,
      0,
      8.55282e-7,
      8.45301e-7,
      8.21399e-7,
      -0.00000237351,
      0.00000137954,
      -0.00000210746
    ],
    [
      0.00000222861,
      -0.00000230642,
      0.00000552311,
      -0.00000468547,
      0.0000235179,
      0,
      0,
      0,
      0,
      0,
      0,
      -6.14531e-7,
      0.00000189502,
      2.75026e-7,
      -0.00000405968,
      0.00000106119,
      -0.0000043501,
      0,
      8.45301e-7,
      0.000003287,
      2.90797e-7,
      -0.00000795233,
      0.00000224255,
      -0.0000027476
    ],
    [
      -0.00000117405,
      -0.00000152367,
      -0.00000101305,
      0.00000394299,
      0.00000379511,
      0,
      0,
      0,
      0,
      0,
      0,
      -7.09898e-7,
      -5.8722e-8,
      -7.40536e-7,
      -0.00000533612,
      -7.20864e-8,
      0.00000151549,
      0,
      8.21399e-7,
      2.90797e-7,
      0.00000281432,
      -0.00000108448,
      0.00000254826,
      -0.00000459048
    ],
    [
      -0.0000046611,
      0.00000477027,
      -0.0000111743,
      0.000010646,
      -0.0000741132,
      0,
      0,
      0,
      0,
      0,
      0,
      0.00000257824,
      -0.0000058124,
      -9.42211e-7,
      0.000014032,
      -0.00000305331,
      0.0000106094,
      0,
      -0.00000237351,
      -0.00000795233,
      -0.00000108448,
      0.000025407,
      -0.00000482684,
      0.0000109434
    ],
    [
      0.00000150226,
      -0.00000596384,
      0.0000037528,
      -0.00000142516,
      0.0000134304,
      0,
      0,
      0,
      0,
      0,
      0,
      -2.67379e-7,
      0.00000119174,
      -4.04888e-7,
      -0.00000684297,
      7.19072e-7,
      -0.00000266687,
      0,
      0.00000137954,
      0.00000224255,
      0.00000254826,
      -0.00000482684,
      0.00000990364,
      -0.00000493487
    ],
    [
      0.00000437605,
      0.00000885899,
      0.00000143686,
      -0.00000608124,
      -0.0000334559,
      0,
      0,
      0,
      0,
      0,
      0,
      0.00000217365,
      -0.00000213445,
      0.00000128673,
      0.0000173236,
      -4.17533e-7,
      1.08958e-7,
      0,
      -0.00000210746,
      -0.0000027476,
      -0.00000459048,
      0.0000109434,
      -0.00000493487,
      0.0000202779
    ]
  ]
}