{
  "name": "SIQRS_HBRS HFMD Japan",
  "description": "...",
  "type": "theta",
  "parameter": {
    "SS": {
      "transformation": "logit",
      "partition_id": "identical_population",
      "group": {
        "all": {
          "min": {
            "value": 0
          },
          "guess": {
            "value": 0.303583
          },
          "max": {
            "value": 0.95
          },
          "sd_transf": {
            "value": 0.2
          },
          "prior": {
            "value": "uniform"
          }
        }
      }
    },
    "IS": {
      "transformation": "logit",
      "partition_id": "identical_population",
      "group": {
        "all": {
          "min": {
            "value": 0
          },
          "guess": {
            "value": 0.0000487065
          },
          "max": {
            "value": 0.01
          },
          "sd_transf": {
            "value": 0.2
          },
          "prior": {
            "value": "uniform"
          }
        }
      }
    },
    "SI": {
      "transformation": "logit",
      "partition_id": "identical_population",
      "group": {
        "all": {
          "min": {
            "value": 0
          },
          "guess": {
            "value": 0.000026256
          },
          "max": {
            "value": 0.01
          },
          "sd_transf": {
            "value": 0.2
          },
          "prior": {
            "value": "uniform"
          }
        }
      }
    },
    "RS": {
      "transformation": "logit",
      "partition_id": "identical_population",
      "group": {
        "all": {
          "min": {
            "value": 0
          },
          "guess": {
            "value": 0.271814
          },
          "max": {
            "value": 0.95
          },
          "sd_transf": {
            "value": 0.2
          },
          "prior": {
            "value": "uniform"
          }
        }
      }
    },
    "SR": {
      "transformation": "logit",
      "partition_id": "identical_population",
      "group": {
        "all": {
          "min": {
            "value": 0
          },
          "guess": {
            "value": 0.424527
          },
          "max": {
            "value": 0.95
          },
          "sd_transf": {
            "value": 0.2
          },
          "prior": {
            "value": "uniform"
          }
        }
      }
    },
    "IR": {
      "transformation": "logit",
      "partition_id": "identical_population",
      "group": {
        "all": {
          "min": {
            "value": 0
          },
          "guess": {
            "value": 9.5e-18
          },
          "max": {
            "value": 0.95
          },
          "sd_transf": {
            "value": 0
          },
          "prior": {
            "value": "uniform"
          }
        }
      }
    },
    "RI": {
      "transformation": "logit",
      "partition_id": "identical_population",
      "group": {
        "all": {
          "min": {
            "value": 0
          },
          "guess": {
            "value": 9.5e-18
          },
          "max": {
            "value": 0.95
          },
          "sd_transf": {
            "value": 0
          },
          "prior": {
            "value": "uniform"
          }
        }
      }
    },
    "SQ": {
      "transformation": "logit",
      "partition_id": "identical_population",
      "group": {
        "all": {
          "min": {
            "value": 0
          },
          "guess": {
            "value": 9.5e-18
          },
          "max": {
            "value": 0.95
          },
          "sd_transf": {
            "value": 0
          },
          "prior": {
            "value": "uniform"
          }
        }
      }
    },
    "QS": {
      "transformation": "logit",
      "partition_id": "identical_population",
      "group": {
        "all": {
          "min": {
            "value": 0
          },
          "guess": {
            "value": 9.5e-18
          },
          "max": {
            "value": 0.95
          },
          "sd_transf": {
            "value": 0
          },
          "prior": {
            "value": "uniform"
          }
        }
      }
    },
    "QR": {
      "transformation": "logit",
      "partition_id": "identical_population",
      "group": {
        "all": {
          "min": {
            "value": 0
          },
          "guess": {
            "value": 9.5e-18
          },
          "max": {
            "value": 0.95
          },
          "sd_transf": {
            "value": 0
          },
          "prior": {
            "value": "uniform"
          }
        }
      }
    },
    "RQ": {
      "transformation": "logit",
      "partition_id": "identical_population",
      "group": {
        "all": {
          "min": {
            "value": 0
          },
          "guess": {
            "value": 9.5e-18
          },
          "max": {
            "value": 0.95
          },
          "sd_transf": {
            "value": 0
          },
          "prior": {
            "value": "uniform"
          }
        }
      }
    },
    "r0_1": {
      "transformation": "log",
      "partition_id": "identical_population",
      "group": {
        "all": {
          "min": {
            "value": 2.05
          },
          "guess": {
            "value": 1.5191
          },
          "max": {
            "value": 2.78
          },
          "sd_transf": {
            "value": 0.04
          },
          "prior": {
            "value": "normal"
          }
        }
      }
    },
    "r0_2": {
      "transformation": "log",
      "partition_id": "identical_population",
      "group": {
        "all": {
          "min": {
            "value": 2.05
          },
          "guess": {
            "value": 1.86655
          },
          "max": {
            "value": 2.78
          },
          "sd_transf": {
            "value": 0.04
          },
          "prior": {
            "value": "normal"
          }
        }
      }
    },
    "v": {
      "unit": "D",
      "type": "rate_as_duration",
      "transformation": "log",
      "partition_id": "identical_population",
      "group": {
        "all": {
          "min": {
            "value": 2.15
          },
          "guess": {
            "value": 2.47646
          },
          "max": {
            "value": 2.81
          },
          "sd_transf": {
            "value": 0.04
          },
          "prior": {
            "value": "normal"
          }
        }
      }
    },
    "e": {
      "transformation": "logit",
      "partition_id": "identical_population",
      "group": {
        "all": {
          "min": {
            "value": 0.001
          },
          "guess": {
            "value": 0.0348896
          },
          "max": {
            "value": 0.3
          },
          "sd_transf": {
            "value": 0.2
          },
          "prior": {
            "value": "uniform"
          }
        }
      }
    },
    "d": {
      "transformation": "log",
      "partition_id": "identical_population",
      "group": {
        "all": {
          "min": {
            "value": 0.6
          },
          "guess": {
            "value": 0.901082
          },
          "max": {
            "value": 0.99
          },
          "sd_transf": {
            "value": 0.04
          },
          "prior": {
            "value": "uniform"
          }
        }
      }
    },
    "sigma": {
      "transformation": "logit",
      "partition_id": "identical_population",
      "group": {
        "all": {
          "min": {
            "value": 0.1
          },
          "guess": {
            "value": 0.864741
          },
          "max": {
            "value": 0.98
          },
          "sd_transf": {
            "value": 0.2
          },
          "prior": {
            "value": "uniform"
          }
        }
      }
    },
    "sto": {
      "transformation": "log",
      "partition_id": "identical_population",
      "group": {
        "all": {
          "min": {
            "value": 0
          },
          "guess": {
            "value": 0.400528
          },
          "max": {
            "value": 0.8
          },
          "sd_transf": {
            "value": 0.02
          },
          "prior": {
            "value": "uniform"
          }
        }
      }
    },
    "iota_1": {
      "transformation": "scale_pow10_bounded",
      "partition_id": "identical_population",
      "group": {
        "all": {
          "min": {
            "value": -3.5
          },
          "guess": {
            "value": 1.09713
          },
          "max": {
            "value": 4
          },
          "sd_transf": {
            "value": 0.04
          },
          "prior": {
            "value": "uniform"
          }
        }
      }
    },
    "iota_2": {
      "transformation": "scale_pow10_bounded",
      "partition_id": "identical_population",
      "group": {
        "all": {
          "min": {
            "value": -3.5
          },
          "guess": {
            "value": 1.87429
          },
          "max": {
            "value": 4
          },
          "sd_transf": {
            "value": 0.04
          },
          "prior": {
            "value": "uniform"
          }
        }
      }
    },
    "q": {
      "unit": "M",
      "type": "rate_as_duration",
      "transformation": "log",
      "partition_id": "identical_population",
      "group": {
        "all": {
          "min": {
            "value": 0.05
          },
          "guess": {
            "value": 5.37056
          },
          "max": {
            "value": 12
          },
          "sd_transf": {
            "value": 0.04
          },
          "prior": {
            "value": "uniform"
          }
        }
      }
    },
    "g": {
      "unit": "Y",
      "transformation": "log",
      "partition_id": "identical_population",
      "group": {
        "all": {
          "min": {
            "value": 0.0125
          },
          "guess": {
            "value": 0.0679178
          },
          "max": {
            "value": 1
          },
          "sd_transf": {
            "value": 0.04
          },
          "prior": {
            "value": "uniform"
          }
        }
      }
    },
    "rep": {
      "transformation": "logit",
      "partition_id": "variable_time_series",
      "group": {
        "EV71_JAP__IASR__inc": {
          "min": {
            "value": 0.05
          },
          "guess": {
            "value": 0.0465672
          },
          "max": {
            "value": 0.3
          },
          "sd_transf": {
            "value": 0.2
          },
          "prior": {
            "value": "normal"
          }
        },
        "CA16_JAP__IASR__inc": {
          "min": {
            "value": 0.05
          },
          "guess": {
            "value": 0.0388531
          },
          "max": {
            "value": 0.3
          },
          "sd_transf": {
            "value": 0.2
          },
          "prior": {
            "value": "normal"
          }
        }
      }
    }
  },
  "partition": {
    "variable_population": {
      "group": [
        {
          "id": "Japan__all",
          "population_id": [
            "Japan__all"
          ]
        }
      ]
    },
    "variable_time_series": {
      "group": [
        {
          "id": "EV71_JAP__IASR__inc",
          "time_series_id": [
            "EV71_JAP__IASR__inc"
          ]
        },
        {
          "id": "CA16_JAP__IASR__inc",
          "time_series_id": [
            "CA16_JAP__IASR__inc"
          ]
        }
      ]
    },
    "identical_population": {
      "group": [
        {
          "id": "all",
          "population_id": [
            "Japan__all"
          ]
        }
      ]
    },
    "identical_time_series": {
      "group": [
        {
          "id": "all",
          "time_series_id": [
            "EV71_JAP__IASR__inc",
            "CA16_JAP__IASR__inc"
          ]
        }
      ]
    }
  },
  "covariance": [
    [
      "SS:all",
      "IS:all",
      "SI:all",
      "RS:all",
      "SR:all",
      "IR:all",
      "RI:all",
      "SQ:all",
      "QS:all",
      "QR:all",
      "RQ:all",
      "r0_1:all",
      "r0_2:all",
      "v:all",
      "e:all",
      "d:all",
      "sigma:all",
      "sto:all",
      "iota_1:all",
      "iota_2:all",
      "q:all",
      "g:all",
      "rep:EV71_JAP__IASR__inc",
      "rep:CA16_JAP__IASR__inc"
    ],
    [
      0.00242633,
      -0.000516022,
      0.00295583,
      -0.00198278,
      -0.0011723,
      0,
      0,
      0,
      0,
      0,
      0,
      -0.000226405,
      -0.000214561,
      -0.000106051,
      -0.000422197,
      0.000248942,
      -0.00228189,
      0,
      -0.0000898915,
      0.000230836,
      -0.00103046,
      0.00155272,
      -0.00016433,
      -0.000737735
    ],
    [
      -0.000516022,
      0.00301726,
      -0.00337388,
      0.000177478,
      -0.000134098,
      0,
      0,
      0,
      0,
      0,
      0,
      0.0000872802,
      0.00014679,
      0.000151351,
      0.0000798718,
      -0.000269561,
      0.00127658,
      0,
      0.000522529,
      -0.000793237,
      0.000313324,
      -0.000626137,
      0.000319412,
      0.00022527
    ],
    [
      0.00295583,
      -0.00337388,
      0.00829226,
      -0.00223228,
      -0.00087141,
      0,
      0,
      0,
      0,
      0,
      0,
      -0.000279727,
      -0.000295736,
      -0.000228934,
      -0.000782073,
      0.00064234,
      -0.00478439,
      0,
      -0.000635605,
      0.00121548,
      -0.00139375,
      0.00252086,
      -0.000794706,
      -0.0014101
    ],
    [
      -0.00198278,
      0.000177478,
      -0.00223228,
      0.00190876,
      0.00108401,
      0,
      0,
      0,
      0,
      0,
      0,
      0.000143312,
      0.0000761222,
      0.000051905,
      0.000357273,
      -0.000200336,
      0.00194012,
      0,
      0.0000340037,
      -0.000129572,
      0.000785581,
      -0.00113661,
      0.0000545408,
      0.000567694
    ],
    [
      -0.0011723,
      -0.000134098,
      -0.00087141,
      0.00108401,
      0.000745959,
      0,
      0,
      0,
      0,
      0,
      0,
      0.000079581,
      0.0000699641,
      0.0000120665,
      0.000135357,
      -0.0000805881,
      0.000770756,
      0,
      -0.0000391414,
      0.00000955017,
      0.00042488,
      -0.000594514,
      -0.0000269505,
      0.000310512
    ],
    [
      0,
      0,
      0,
      0,
      0,
      0,
      0,
      0,
      0,
      0,
      0,
      0,
      0,
      0,
      0,
      0,
      0,
      0,
      0,
      0,
      0,
      0,
      0,
      0
    ],
    [
      0,
      0,
      0,
      0,
      0,
      0,
      0,
      0,
      0,
      0,
      0,
      0,
      0,
      0,
      0,
      0,
      0,
      0,
      0,
      0,
      0,
      0,
      0,
      0
    ],
    [
      0,
      0,
      0,
      0,
      0,
      0,
      0,
      0,
      0,
      0,
      0,
      0,
      0,
      0,
      0,
      0,
      0,
      0,
      0,
      0,
      0,
      0,
      0,
      0
    ],
    [
      0,
      0,
      0,
      0,
      0,
      0,
      0,
      0,
      0,
      0,
      0,
      0,
      0,
      0,
      0,
      0,
      0,
      0,
      0,
      0,
      0,
      0,
      0,
      0
    ],
    [
      0,
      0,
      0,
      0,
      0,
      0,
      0,
      0,
      0,
      0,
      0,
      0,
      0,
      0,
      0,
      0,
      0,
      0,
      0,
      0,
      0,
      0,
      0,
      0
    ],
    [
      0,
      0,
      0,
      0,
      0,
      0,
      0,
      0,
      0,
      0,
      0,
      0,
      0,
      0,
      0,
      0,
      0,
      0,
      0,
      0,
      0,
      0,
      0,
      0
    ],
    [
      -0.000226405,
      0.0000872802,
      -0.000279727,
      0.000143312,
      0.000079581,
      0,
      0,
      0,
      0,
      0,
      0,
      0.0000387097,
      0.0000401028,
      0.0000274414,
      0.0000383136,
      -0.0000168362,
      0.0000937073,
      0,
      0.000025695,
      -0.00000897792,
      0.000110248,
      -0.000152452,
      0.0000176629,
      0.0000620954
    ],
    [
      -0.000214561,
      0.00014679,
      -0.000295736,
      0.0000761222,
      0.0000699641,
      0,
      0,
      0,
      0,
      0,
      0,
      0.0000401028,
      0.0000597327,
      0.0000282818,
      0.0000191781,
      -0.0000171587,
      0.0000503864,
      0,
      0.0000297274,
      -0.0000271281,
      0.000105265,
      -0.00016067,
      0.0000278977,
      0.0000673987
    ],
    [
      -0.000106051,
      0.000151351,
      -0.000228934,
      0.000051905,
      0.0000120665,
      0,
      0,
      0,
      0,
      0,
      0,
      0.0000274414,
      0.0000282818,
      0.0000458548,
      0.0000384358,
      -0.00000971048,
      0.0000228789,
      0,
      0.0000534744,
      -0.000017814,
      0.0000512028,
      -0.0000629676,
      -1.79445e-7,
      -0.00000116569
    ],
    [
      -0.000422197,
      0.0000798718,
      -0.000782073,
      0.000357273,
      0.000135357,
      0,
      0,
      0,
      0,
      0,
      0,
      0.0000383136,
      0.0000191781,
      0.0000384358,
      0.000425333,
      -0.0000539716,
      0.000647516,
      0,
      0.0000572217,
      -0.0000910958,
      0.000203594,
      -0.000337538,
      0.0000992067,
      0.000119677
    ],
    [
      0.000248942,
      -0.000269561,
      0.00064234,
      -0.000200336,
      -0.0000805881,
      0,
      0,
      0,
      0,
      0,
      0,
      -0.0000168362,
      -0.0000171587,
      -0.00000971048,
      -0.0000539716,
      0.0000755345,
      -0.000470692,
      0,
      -0.0000420863,
      0.000124064,
      -0.000105995,
      0.000212558,
      -0.0000773899,
      -0.000110085
    ],
    [
      -0.00228189,
      0.00127658,
      -0.00478439,
      0.00194012,
      0.000770756,
      0,
      0,
      0,
      0,
      0,
      0,
      0.0000937073,
      0.0000503864,
      0.0000228789,
      0.000647516,
      -0.000470692,
      0.00528716,
      0,
      0.000143185,
      -0.000818984,
      0.00107632,
      -0.0019671,
      0.000497183,
      0.000942782
    ],
    [
      0,
      0,
      0,
      0,
      0,
      0,
      0,
      0,
      0,
      0,
      0,
      0,
      0,
      0,
      0,
      0,
      0,
      0,
      0,
      0,
      0,
      0,
      0,
      0
    ],
    [
      -0.0000898915,
      0.000522529,
      -0.000635605,
      0.0000340037,
      -0.0000391414,
      0,
      0,
      0,
      0,
      0,
      0,
      0.000025695,
      0.0000297274,
      0.0000534744,
      0.0000572217,
      -0.0000420863,
      0.000143185,
      0,
      0.00013674,
      -0.000123745,
      0.0000663562,
      -0.0001037,
      0.0000675494,
      0.0000201296
    ],
    [
      0.000230836,
      -0.000793237,
      0.00121548,
      -0.000129572,
      0.00000955017,
      0,
      0,
      0,
      0,
      0,
      0,
      -0.00000897792,
      -0.0000271281,
      -0.000017814,
      -0.0000910958,
      0.000124064,
      -0.000818984,
      0,
      -0.000123745,
      0.000345764,
      -0.000105259,
      0.000297424,
      -0.000146751,
      -0.000162161
    ],
    [
      -0.00103046,
      0.000313324,
      -0.00139375,
      0.000785581,
      0.00042488,
      0,
      0,
      0,
      0,
      0,
      0,
      0.000110248,
      0.000105265,
      0.0000512028,
      0.000203594,
      -0.000105995,
      0.00107632,
      0,
      0.0000663562,
      -0.000105259,
      0.00051549,
      -0.000737338,
      0.000130355,
      0.000329077
    ],
    [
      0.00155272,
      -0.000626137,
      0.00252086,
      -0.00113661,
      -0.000594514,
      0,
      0,
      0,
      0,
      0,
      0,
      -0.000152452,
      -0.00016067,
      -0.0000629676,
      -0.000337538,
      0.000212558,
      -0.0019671,
      0,
      -0.0001037,
      0.000297424,
      -0.000737338,
      0.00121756,
      -0.000273548,
      -0.000601373
    ],
    [
      -0.00016433,
      0.000319412,
      -0.000794706,
      0.0000545408,
      -0.0000269505,
      0,
      0,
      0,
      0,
      0,
      0,
      0.0000176629,
      0.0000278977,
      -1.79445e-7,
      0.0000992067,
      -0.0000773899,
      0.000497183,
      0,
      0.0000675494,
      -0.000146751,
      0.000130355,
      -0.000273548,
      0.00041393,
      0.00017873
    ],
    [
      -0.000737735,
      0.00022527,
      -0.0014101,
      0.000567694,
      0.000310512,
      0,
      0,
      0,
      0,
      0,
      0,
      0.0000620954,
      0.0000673987,
      -0.00000116569,
      0.000119677,
      -0.000110085,
      0.000942782,
      0,
      0.0000201296,
      -0.000162161,
      0.000329077,
      -0.000601373,
      0.00017873,
      0.000580875
    ]
  ]
}