{
  "name": "SIRI_HBRS HFMD Japan",
  "description": "...",
  "type": "theta",
  "parameter": {
    "SS": {
      "transformation": "logit",
      "partition_id": "identical_population",
      "group": {
        "all": {
          "min": {
            "value": 0
          },
          "guess": {
            "value": 0.153614
          },
          "max": {
            "value": 0.95
          },
          "sd_transf": {
            "value": 0.2
          },
          "prior": {
            "value": "uniform"
          }
        }
      }
    },
    "IS": {
      "transformation": "logit",
      "partition_id": "identical_population",
      "group": {
        "all": {
          "min": {
            "value": 0
          },
          "guess": {
            "value": 0.0000283456
          },
          "max": {
            "value": 0.01
          },
          "sd_transf": {
            "value": 0.2
          },
          "prior": {
            "value": "uniform"
          }
        }
      }
    },
    "SI": {
      "transformation": "logit",
      "partition_id": "identical_population",
      "group": {
        "all": {
          "min": {
            "value": 0
          },
          "guess": {
            "value": 0.0000150399
          },
          "max": {
            "value": 0.01
          },
          "sd_transf": {
            "value": 0.2
          },
          "prior": {
            "value": "uniform"
          }
        }
      }
    },
    "RS": {
      "transformation": "logit",
      "partition_id": "identical_population",
      "group": {
        "all": {
          "min": {
            "value": 0
          },
          "guess": {
            "value": 0.00713884
          },
          "max": {
            "value": 0.95
          },
          "sd_transf": {
            "value": 0.2
          },
          "prior": {
            "value": "uniform"
          }
        }
      }
    },
    "SR": {
      "transformation": "logit",
      "partition_id": "identical_population",
      "group": {
        "all": {
          "min": {
            "value": 0
          },
          "guess": {
            "value": 0.00653386
          },
          "max": {
            "value": 0.95
          },
          "sd_transf": {
            "value": 0.2
          },
          "prior": {
            "value": "uniform"
          }
        }
      }
    },
    "IR": {
      "transformation": "logit",
      "partition_id": "identical_population",
      "group": {
        "all": {
          "min": {
            "value": 0
          },
          "guess": {
            "value": 9.5e-18
          },
          "max": {
            "value": 0.95
          },
          "sd_transf": {
            "value": 0
          },
          "prior": {
            "value": "uniform"
          }
        }
      }
    },
    "RI": {
      "transformation": "logit",
      "partition_id": "identical_population",
      "group": {
        "all": {
          "min": {
            "value": 0
          },
          "guess": {
            "value": 9.5e-18
          },
          "max": {
            "value": 0.95
          },
          "sd_transf": {
            "value": 0
          },
          "prior": {
            "value": "uniform"
          }
        }
      }
    },
    "r0_1": {
      "transformation": "log",
      "partition_id": "identical_population",
      "group": {
        "all": {
          "min": {
            "value": 2.05
          },
          "guess": {
            "value": 3.30485
          },
          "max": {
            "value": 2.78
          },
          "sd_transf": {
            "value": 0.04
          },
          "prior": {
            "value": "normal"
          }
        }
      }
    },
    "r0_2": {
      "transformation": "log",
      "partition_id": "identical_population",
      "group": {
        "all": {
          "min": {
            "value": 2.05
          },
          "guess": {
            "value": 3.26234
          },
          "max": {
            "value": 2.78
          },
          "sd_transf": {
            "value": 0.04
          },
          "prior": {
            "value": "normal"
          }
        }
      }
    },
    "v": {
      "unit": "D",
      "type": "rate_as_duration",
      "transformation": "log",
      "partition_id": "identical_population",
      "group": {
        "all": {
          "min": {
            "value": 2.15
          },
          "guess": {
            "value": 1.66659
          },
          "max": {
            "value": 2.81
          },
          "sd_transf": {
            "value": 0.04
          },
          "prior": {
            "value": "normal"
          }
        }
      }
    },
    "e": {
      "transformation": "logit",
      "partition_id": "identical_population",
      "group": {
        "all": {
          "min": {
            "value": 0.001
          },
          "guess": {
            "value": 0.0270486
          },
          "max": {
            "value": 0.3
          },
          "sd_transf": {
            "value": 0.2
          },
          "prior": {
            "value": "uniform"
          }
        }
      }
    },
    "d": {
      "transformation": "log",
      "partition_id": "identical_population",
      "group": {
        "all": {
          "min": {
            "value": 0.6
          },
          "guess": {
            "value": 0.928316
          },
          "max": {
            "value": 0.99
          },
          "sd_transf": {
            "value": 0.04
          },
          "prior": {
            "value": "uniform"
          }
        }
      }
    },
    "sigma": {
      "transformation": "logit",
      "partition_id": "identical_population",
      "group": {
        "all": {
          "min": {
            "value": 0.1
          },
          "guess": {
            "value": 0.967736
          },
          "max": {
            "value": 0.98
          },
          "sd_transf": {
            "value": 0.2
          },
          "prior": {
            "value": "uniform"
          }
        }
      }
    },
    "sto": {
      "transformation": "log",
      "partition_id": "identical_population",
      "group": {
        "all": {
          "min": {
            "value": 0
          },
          "guess": {
            "value": 0.177882
          },
          "max": {
            "value": 0.8
          },
          "sd_transf": {
            "value": 0.02
          },
          "prior": {
            "value": "uniform"
          }
        }
      }
    },
    "iota_1": {
      "transformation": "scale_pow10_bounded",
      "partition_id": "identical_population",
      "group": {
        "all": {
          "min": {
            "value": -3.5
          },
          "guess": {
            "value": -3.02049
          },
          "max": {
            "value": 4
          },
          "sd_transf": {
            "value": 0.04
          },
          "prior": {
            "value": "uniform"
          }
        }
      }
    },
    "iota_2": {
      "transformation": "scale_pow10_bounded",
      "partition_id": "identical_population",
      "group": {
        "all": {
          "min": {
            "value": -3.5
          },
          "guess": {
            "value": -2.90294
          },
          "max": {
            "value": 4
          },
          "sd_transf": {
            "value": 0.04
          },
          "prior": {
            "value": "uniform"
          }
        }
      }
    },
    "z": {
      "transformation": "logit",
      "partition_id": "identical_population",
      "group": {
        "all": {
          "min": {
            "value": 0
          },
          "guess": {
            "value": 0.178752
          },
          "max": {
            "value": 0.95
          },
          "sd_transf": {
            "value": 0.2
          },
          "prior": {
            "value": "uniform"
          }
        }
      }
    },
    "rep": {
      "transformation": "logit",
      "partition_id": "variable_time_series",
      "group": {
        "EV71_JAP__IASR__inc": {
          "min": {
            "value": 0.05
          },
          "guess": {
            "value": 0.075973
          },
          "max": {
            "value": 0.3
          },
          "sd_transf": {
            "value": 0.2
          },
          "prior": {
            "value": "normal"
          }
        },
        "CA16_JAP__IASR__inc": {
          "min": {
            "value": 0.05
          },
          "guess": {
            "value": 0.0951203
          },
          "max": {
            "value": 0.3
          },
          "sd_transf": {
            "value": 0.2
          },
          "prior": {
            "value": "normal"
          }
        }
      }
    }
  },
  "partition": {
    "variable_population": {
      "group": [
        {
          "id": "Japan__all",
          "population_id": [
            "Japan__all"
          ]
        }
      ]
    },
    "variable_time_series": {
      "group": [
        {
          "id": "EV71_JAP__IASR__inc",
          "time_series_id": [
            "EV71_JAP__IASR__inc"
          ]
        },
        {
          "id": "CA16_JAP__IASR__inc",
          "time_series_id": [
            "CA16_JAP__IASR__inc"
          ]
        }
      ]
    },
    "identical_population": {
      "group": [
        {
          "id": "all",
          "population_id": [
            "Japan__all"
          ]
        }
      ]
    },
    "identical_time_series": {
      "group": [
        {
          "id": "all",
          "time_series_id": [
            "EV71_JAP__IASR__inc",
            "CA16_JAP__IASR__inc"
          ]
        }
      ]
    }
  },
  "covariance": [
    [
      "SS:all",
      "IS:all",
      "SI:all",
      "RS:all",
      "SR:all",
      "IR:all",
      "RI:all",
      "r0_1:all",
      "r0_2:all",
      "v:all",
      "e:all",
      "d:all",
      "sigma:all",
      "sto:all",
      "iota_1:all",
      "iota_2:all",
      "z:all",
      "rep:EV71_JAP__IASR__inc",
      "rep:CA16_JAP__IASR__inc"
    ],
    [
      0.0000267275,
      -0.00000677429,
      0.000015259,
      -0.00000771479,
      0.00000525412,
      0,
      0,
      -0.00000167385,
      -0.00000116205,
      -0.00000167255,
      -6.29799e-7,
      -0.00000485981,
      0.0000230516,
      0,
      -0.00000301338,
      0.00000323635,
      -0.000020753,
      0.0000111746,
      -0.00000233734
    ],
    [
      -0.00000677429,
      0.00000499477,
      -8.81455e-7,
      8.36836e-7,
      -0.0000028051,
      0,
      0,
      1.64114e-7,
      2.14252e-8,
      -2.88605e-8,
      -0.00000290221,
      0.0000015047,
      -0.00000714145,
      0,
      7.57881e-7,
      -2.97135e-7,
      0.00000602334,
      -0.00000143724,
      0.00000145384
    ],
    [
      0.000015259,
      -8.81455e-7,
      0.000017172,
      -0.00000610136,
      0.00000100704,
      0,
      0,
      -0.00000156019,
      -0.00000131195,
      -0.00000196618,
      -0.0000063527,
      -0.00000249868,
      0.0000134793,
      0,
      -0.00000196763,
      0.00000262294,
      -0.0000101299,
      0.00000937015,
      0.00000204294
    ],
    [
      -0.00000771479,
      8.36836e-7,
      -0.00000610136,
      0.00000633799,
      1.29074e-7,
      0,
      0,
      5.24874e-7,
      3.24271e-7,
      7.99403e-7,
      7.08107e-7,
      0.00000158317,
      -0.00000759967,
      0,
      0.00000145095,
      -0.00000136575,
      0.00000583358,
      -0.00000482949,
      -0.00000139198
    ],
    [
      0.00000525412,
      -0.0000028051,
      0.00000100704,
      1.29074e-7,
      0.00000677472,
      0,
      0,
      -1.64404e-7,
      8.58264e-9,
      3.25399e-7,
      0.00000280355,
      -7.79241e-7,
      0.00000440234,
      0,
      -2.59127e-7,
      1.11407e-7,
      -0.00000480233,
      -7.94429e-7,
      -0.00000380067
    ],
    [
      0,
      0,
      0,
      0,
      0,
      0,
      0,
      0,
      0,
      0,
      0,
      0,
      0,
      0,
      0,
      0,
      0,
      0,
      0
    ],
    [
      0,
      0,
      0,
      0,
      0,
      0,
      0,
      0,
      0,
      0,
      0,
      0,
      0,
      0,
      0,
      0,
      0,
      0,
      0
    ],
    [
      -0.00000167385,
      1.64114e-7,
      -0.00000156019,
      5.24874e-7,
      -1.64404e-7,
      0,
      0,
      2.77466e-7,
      2.53676e-7,
      2.40687e-7,
      0.00000126418,
      2.33341e-7,
      -0.00000128042,
      0,
      1.40077e-7,
      -2.05195e-7,
      8.24923e-7,
      -0.00000165249,
      4.91613e-10
    ],
    [
      -0.00000116205,
      2.14252e-8,
      -0.00000131195,
      3.24271e-7,
      8.58264e-9,
      0,
      0,
      2.53676e-7,
      2.51977e-7,
      2.11716e-7,
      0.00000151218,
      1.3794e-7,
      -8.21739e-7,
      0,
      6.8315e-8,
      -1.55271e-7,
      3.95615e-7,
      -0.00000148193,
      -8.40142e-8
    ],
    [
      -0.00000167255,
      -2.88605e-8,
      -0.00000196618,
      7.99403e-7,
      3.25399e-7,
      0,
      0,
      2.40687e-7,
      2.11716e-7,
      7.41395e-7,
      8.97745e-7,
      2.70593e-7,
      -0.00000177806,
      0,
      2.0322e-7,
      -2.26876e-7,
      9.3493e-7,
      -0.00000266596,
      -8.51853e-7
    ],
    [
      -6.29799e-7,
      -0.00000290221,
      -0.0000063527,
      7.08107e-7,
      0.00000280355,
      0,
      0,
      0.00000126418,
      0.00000151218,
      8.97745e-7,
      0.0000185355,
      -3.40354e-7,
      3.44931e-7,
      0,
      -4.37423e-7,
      -0.00000108085,
      -0.00000325087,
      -0.00000670046,
      -0.0000038129
    ],
    [
      -0.00000485981,
      0.0000015047,
      -0.00000249868,
      0.00000158317,
      -7.79241e-7,
      0,
      0,
      2.33341e-7,
      1.3794e-7,
      2.70593e-7,
      -3.40354e-7,
      0.00000108875,
      -0.00000467664,
      0,
      6.24735e-7,
      -5.92003e-7,
      0.00000395895,
      -0.00000176178,
      3.86584e-7
    ],
    [
      0.0000230516,
      -0.00000714145,
      0.0000134793,
      -0.00000759967,
      0.00000440234,
      0,
      0,
      -0.00000128042,
      -8.21739e-7,
      -0.00000177806,
      3.44931e-7,
      -0.00000467664,
      0.0000239931,
      0,
      -0.00000315245,
      0.00000287059,
      -0.0000183732,
      0.00000958693,
      -4.15948e-7
    ],
    [
      0,
      0,
      0,
      0,
      0,
      0,
      0,
      0,
      0,
      0,
      0,
      0,
      0,
      0,
      0,
      0,
      0,
      0,
      0
    ],
    [
      -0.00000301338,
      7.57881e-7,
      -0.00000196763,
      0.00000145095,
      -2.59127e-7,
      0,
      0,
      1.40077e-7,
      6.8315e-8,
      2.0322e-7,
      -4.37423e-7,
      6.24735e-7,
      -0.00000315245,
      0,
      5.97877e-7,
      -4.81029e-7,
      0.00000246884,
      -8.31903e-7,
      -2.89715e-7
    ],
    [
      0.00000323635,
      -2.97135e-7,
      0.00000262294,
      -0.00000136575,
      1.11407e-7,
      0,
      0,
      -2.05195e-7,
      -1.55271e-7,
      -2.26876e-7,
      -0.00000108085,
      -5.92003e-7,
      0.00000287059,
      0,
      -4.81029e-7,
      7.65288e-7,
      -0.00000245967,
      9.97515e-7,
      6.43458e-7
    ],
    [
      -0.000020753,
      0.00000602334,
      -0.0000101299,
      0.00000583358,
      -0.00000480233,
      0,
      0,
      8.24923e-7,
      3.95615e-7,
      9.3493e-7,
      -0.00000325087,
      0.00000395895,
      -0.0000183732,
      0,
      0.00000246884,
      -0.00000245967,
      0.0000174445,
      -0.00000603767,
      0.00000239023
    ],
    [
      0.0000111746,
      -0.00000143724,
      0.00000937015,
      -0.00000482949,
      -7.94429e-7,
      0,
      0,
      -0.00000165249,
      -0.00000148193,
      -0.00000266596,
      -0.00000670046,
      -0.00000176178,
      0.00000958693,
      0,
      -8.31903e-7,
      9.97515e-7,
      -0.00000603767,
      0.000017384,
      0.00000188946
    ],
    [
      -0.00000233734,
      0.00000145384,
      0.00000204294,
      -0.00000139198,
      -0.00000380067,
      0,
      0,
      4.91613e-10,
      -8.40142e-8,
      -8.51853e-7,
      -0.0000038129,
      3.86584e-7,
      -4.15948e-7,
      0,
      -2.89715e-7,
      6.43458e-7,
      0.00000239023,
      0.00000188946,
      0.00000825526
    ]
  ]
}